-32.1114  27.9751  107.083  -0.980241  44.5307  15.512  
-32.1114  27.9751  107.083  -0.98024  44.5307  15.512  
-32.1114  27.975  107.083  -0.980238  44.5309  15.512  
-32.1114  27.9748  107.083  -0.980234  44.5311  15.512  
-32.1114  27.9745  107.083  -0.980228  44.5314  15.512  
-32.1114  27.9742  107.083  -0.980221  44.5318  15.5119  
-32.1114  27.9738  107.083  -0.980212  44.5323  15.5119  
-32.1114  27.9733  107.083  -0.980202  44.5329  15.5119  
-32.1114  27.9728  107.083  -0.98019  44.5336  15.5119  
-32.1114  27.9722  107.083  -0.980177  44.5344  15.5119  
-32.1114  27.9715  107.082  -0.980162  44.5352  15.5119  
-32.1114  27.9707  107.082  -0.980146  44.5362  15.5118  
-32.1114  27.9699  107.082  -0.980127  44.5372  15.5118  
-32.1114  27.969  107.082  -0.980108  44.5383  15.5118  
-32.1114  27.968  107.082  -0.980087  44.5396  15.5118  
-32.1114  27.9669  107.081  -0.980064  44.5409  15.5117  
-32.1114  27.9658  107.081  -0.980039  44.5423  15.5117  
-32.1114  27.9646  107.081  -0.980013  44.5438  15.5117  
-32.1114  27.9634  107.08  -0.979986  44.5453  15.5116  
-32.1114  27.962  107.08  -0.979957  44.547  15.5116  
-32.1114  27.9606  107.08  -0.979926  44.5488  15.5115  
-32.1114  27.9591  107.079  -0.979894  44.5506  15.5115  
-32.1114  27.9576  107.079  -0.97986  44.5526  15.5114  
-32.1114  27.9559  107.079  -0.979825  44.5546  15.5114  
-32.1114  27.9542  107.078  -0.979788  44.5567  15.5113  
-32.1114  27.9524  107.078  -0.979749  44.559  15.5113  
-32.1114  27.9506  107.077  -0.979709  44.5613  15.5112  
-32.1114  27.9487  107.077  -0.979668  44.5637  15.5112  
-32.1114  27.9467  107.076  -0.979624  44.5662  15.5111  
-32.1114  27.9446  107.076  -0.97958  44.5687  15.511  
-32.1114  27.9425  107.075  -0.979533  44.5714  15.511  
-32.1114  27.9403  107.075  -0.979485  44.5742  15.5109  
-32.1114  27.938  107.074  -0.979436  44.577  15.5108  
-32.1114  27.9356  107.074  -0.979385  44.58  15.5108  
-32.1114  27.9332  107.073  -0.979332  44.583  15.5107  
-32.1114  27.9307  107.072  -0.979278  44.5861  15.5106  
-32.1114  27.9281  107.072  -0.979222  44.5893  15.5105  
-32.1114  27.9255  107.071  -0.979165  44.5926  15.5105  
-32.1114  27.9228  107.07  -0.979106  44.596  15.5104  
-32.1114  27.92  107.07  -0.979046  44.5995  15.5103  
-32.1114  27.9171  107.069  -0.978984  44.6031  15.5102  
-32.1114  27.9142  107.068  -0.97892  44.6068  15.5101  
-32.1114  27.9112  107.067  -0.978855  44.6105  15.51  
-32.1114  27.9081  107.067  -0.978789  44.6144  15.5099  
-32.1114  27.905  107.066  -0.978721  44.6183  15.5098  
-32.1114  27.9017  107.065  -0.978651  44.6223  15.5097  
-32.1114  27.8984  107.064  -0.97858  44.6264  15.5096  
-32.1114  27.8951  107.063  -0.978507  44.6307  15.5095  
-32.1114  27.8916  107.063  -0.978432  44.635  15.5094  
-32.1114  27.8881  107.062  -0.978356  44.6393  15.5093  
-32.1114  27.8845  107.061  -0.978279  44.6438  15.5092  
-32.1114  27.8809  107.06  -0.9782  44.6484  15.5091  
-32.1114  27.8772  107.059  -0.978119  44.6531  15.509  
-32.1114  27.8734  107.058  -0.978037  44.6578  15.5089  
-32.1114  27.8695  107.057  -0.977953  44.6627  15.5088  
-32.1114  27.8655  107.056  -0.977868  44.6676  15.5086  
-32.1114  27.8615  107.055  -0.977781  44.6726  15.5085  
-32.1114  27.8574  107.054  -0.977693  44.6777  15.5084  
-32.1114  27.8533  107.053  -0.977603  44.6829  15.5083  
-32.1114  27.8491  107.052  -0.977512  44.6882  15.5081  
-32.1114  27.8448  107.051  -0.977419  44.6936  15.508  
-32.1114  27.8404  107.05  -0.977324  44.6991  15.5079  
-32.1114  27.8359  107.048  -0.977228  44.7047  15.5077  
-32.1114  27.8314  107.047  -0.977131  44.7103  15.5076  
-32.1114  27.8268  107.046  -0.977032  44.7161  15.5075  
-32.1114  27.8222  107.045  -0.976931  44.7219  15.5073  
-32.1114  27.8174  107.044  -0.976829  44.7279  15.5072  
-32.1114  27.8126  107.043  -0.976725  44.7339  15.507  
-32.1114  27.8077  107.041  -0.97662  44.74  15.5069  
-32.1114  27.8028  107.04  -0.976513  44.7462  15.5067  
-32.1114  27.7978  107.039  -0.976405  44.7525  15.5066  
-32.1114  27.7927  107.038  -0.976295  44.7589  15.5064  
-32.1114  27.7875  107.036  -0.976184  44.7654  15.5063  
-32.1114  27.7823  107.035  -0.976071  44.7719  15.5061  
-32.1114  27.777  107.034  -0.975957  44.7786  15.5059  
-32.1114  27.7716  107.032  -0.975841  44.7854  15.5058  
-32.1114  27.7662  107.031  -0.975724  44.7922  15.5056  
-32.1114  27.7606  107.029  -0.975605  44.7991  15.5055  
-32.1114  27.755  107.028  -0.975484  44.8062  15.5053  
-32.1114  27.7494  107.026  -0.975362  44.8133  15.5051  
-32.1114  27.7436  107.025  -0.975239  44.8205  15.5049  
-32.1114  27.7378  107.023  -0.975114  44.8278  15.5048  
-32.1114  27.732  107.022  -0.974987  44.8352  15.5046  
-32.1114  27.726  107.02  -0.974859  44.8426  15.5044  
-32.1114  27.72  107.019  -0.97473  44.8502  15.5042  
-32.1114  27.7139  107.017  -0.974599  44.8579  15.504  
-32.1114  27.7077  107.016  -0.974466  44.8656  15.5038  
-32.1114  27.7015  107.014  -0.974332  44.8735  15.5037  
-32.1114  27.6952  107.012  -0.974197  44.8814  15.5035  
-32.1114  27.6888  107.011  -0.97406  44.8894  15.5033  
-32.1114  27.6824  107.009  -0.973921  44.8975  15.5031  
-32.1114  27.6759  107.007  -0.973781  44.9058  15.5029  
-32.1114  27.6693  107.006  -0.97364  44.914  15.5027  
-32.1114  27.6626  107.004  -0.973497  44.9224  15.5025  
-32.1114  27.6559  107.002  -0.973352  44.9309  15.5023  
-32.1114  27.6491  107.001  -0.973206  44.9395  15.5021  
-32.1114  27.6422  106.999  -0.973059  44.9482  15.5019  
-32.1114  27.6353  106.997  -0.97291  44.9569  15.5016  
-32.1114  27.6282  106.995  -0.97276  44.9658  15.5014  
-32.1114  27.6212  106.993  -0.972608  44.9747  15.5012  
-32.1114  27.614  106.991  -0.972454  44.9837  15.501  
-32.1114  27.6068  106.989  -0.9723  44.9928  15.5008  
-32.1114  27.5995  106.988  -0.972143  45.002  15.5006  
-32.1114  27.5921  106.986  -0.971986  45.0113  15.5003  
-32.1114  27.5847  106.984  -0.971826  45.0207  15.5001  
-32.1114  27.5772  106.982  -0.971666  45.0302  15.4999  
-32.1114  27.5696  106.98  -0.971503  45.0398  15.4997  
-32.1114  27.5619  106.978  -0.97134  45.0495  15.4994  
-32.1114  27.5542  106.976  -0.971175  45.0592  15.4992  
-32.1114  27.5464  106.974  -0.971008  45.0691  15.499  
-32.1114  27.5386  106.971  -0.97084  45.079  15.4987  
-32.1114  27.5306  106.969  -0.97067  45.089  15.4985  
-32.1114  27.5226  106.967  -0.9705  45.0992  15.4982  
-32.1114  27.5145  106.965  -0.970327  45.1094  15.498  
-32.1114  27.5064  106.963  -0.970153  45.1197  15.4977  
-32.1114  27.4982  106.961  -0.969978  45.1301  15.4975  
-32.1114  27.4899  106.959  -0.969801  45.1406  15.4972  
-32.1114  27.4816  106.956  -0.969623  45.1512  15.497  
-32.1114  27.4731  106.954  -0.969443  45.1618  15.4967  
-32.1114  27.4646  106.952  -0.969262  45.1726  15.4965  
-32.1114  27.4561  106.95  -0.96908  45.1835  15.4962  
-32.1114  27.4474  106.947  -0.968896  45.1944  15.496  
-32.1114  27.4387  106.945  -0.968711  45.2054  15.4957  
-32.1114  27.43  106.942  -0.968524  45.2166  15.4954  
-32.1114  27.4211  106.94  -0.968336  45.2278  15.4952  
-32.1114  27.4122  106.938  -0.968146  45.2391  15.4949  
-32.1114  27.4032  106.935  -0.967955  45.2505  15.4946  
-32.1114  27.3942  106.933  -0.967762  45.262  15.4944  
-32.1114  27.3851  106.93  -0.967568  45.2736  15.4941  
-32.1114  27.3759  106.928  -0.967373  45.2853  15.4938  
-32.1114  27.3666  106.925  -0.967176  45.297  15.4935  
-32.1114  27.3573  106.923  -0.966978  45.3089  15.4932  
-32.1114  27.3479  106.92  -0.966779  45.3209  15.493  
-32.1114  27.3384  106.918  -0.966578  45.3329  15.4927  
-32.1114  27.3289  106.915  -0.966375  45.3451  15.4924  
-32.1114  27.3193  106.912  -0.966172  45.3573  15.4921  
-32.1114  27.3096  106.91  -0.965966  45.3696  15.4918  
-32.1114  27.2999  106.907  -0.96576  45.382  15.4915  
-32.1114  27.2901  106.904  -0.965552  45.3945  15.4912  
-32.1114  27.2802  106.902  -0.965342  45.4071  15.4909  
-32.1114  27.2702  106.899  -0.965132  45.4198  15.4906  
-32.1114  27.2602  106.896  -0.96492  45.4326  15.4903  
-32.1114  27.2501  106.893  -0.964706  45.4455  15.49  
-32.1114  27.24  106.891  -0.964491  45.4584  15.4897  
-32.1114  27.2297  106.888  -0.964275  45.4715  15.4894  
-32.1114  27.2194  106.885  -0.964057  45.4846  15.4891  
-32.1114  27.2091  106.882  -0.963838  45.4979  15.4888  
-32.1114  27.1986  106.879  -0.963618  45.5112  15.4885  
-32.1114  27.1881  106.876  -0.963396  45.5246  15.4881  
-32.1114  27.1776  106.873  -0.963173  45.5382  15.4878  
-32.1114  27.1669  106.87  -0.962949  45.5518  15.4875  
-32.1114  27.1562  106.867  -0.962723  45.5655  15.4872  
-32.1114  27.1455  106.864  -0.962496  45.5793  15.4869  
-32.1114  27.1346  106.861  -0.962267  45.5932  15.4865  
-32.1114  27.1237  106.858  -0.962037  45.6071  15.4862  
-32.1114  27.1127  106.855  -0.961806  45.6212  15.4859  
-32.1114  27.1017  106.852  -0.961573  45.6354  15.4855  
-32.1114  27.0906  106.849  -0.961339  45.6496  15.4852  
-32.1114  27.0794  106.846  -0.961104  45.664  15.4849  
-32.1114  27.0681  106.842  -0.960867  45.6784  15.4845  
-32.1114  27.0568  106.839  -0.960629  45.6929  15.4842  
-32.1114  27.0454  106.836  -0.96039  45.7076  15.4838  
-32.1114  27.034  106.833  -0.96015  45.7223  15.4835  
-32.1114  27.0224  106.829  -0.959908  45.7371  15.4831  
-32.1114  27.0109  106.826  -0.959664  45.752  15.4828  
-32.1114  26.9992  106.823  -0.95942  45.767  15.4825  
-32.1114  26.9875  106.819  -0.959174  45.7821  15.4821  
-32.1114  26.9757  106.816  -0.958927  45.7973  15.4817  
-32.1114  26.9638  106.813  -0.958678  45.8125  15.4814  
-32.1114  26.9519  106.809  -0.958428  45.8279  15.481  
-32.1114  26.9399  106.806  -0.958177  45.8434  15.4807  
-32.1114  26.9279  106.802  -0.957925  45.8589  15.4803  
-32.1114  26.9157  106.799  -0.957671  45.8745  15.4799  
-32.1114  26.9035  106.795  -0.957416  45.8903  15.4796  
-32.1114  26.8913  106.792  -0.95716  45.9061  15.4792  
-32.1114  26.8789  106.788  -0.956902  45.922  15.4788  
-32.1114  26.8665  106.784  -0.956643  45.938  15.4785  
-32.1114  26.8541  106.781  -0.956383  45.9541  15.4781  
-32.1114  26.8416  106.777  -0.956122  45.9703  15.4777  
-32.1114  26.829  106.773  -0.955859  45.9866  15.4773  
-32.1114  26.8163  106.77  -0.955595  46.003  15.477  
-32.1114  26.8036  106.766  -0.95533  46.0195  15.4766  
-32.1114  26.7908  106.762  -0.955063  46.0361  15.4762  
-32.1114  26.7779  106.758  -0.954796  46.0527  15.4758  
-32.1114  26.765  106.754  -0.954526  46.0695  15.4754  
-32.1114  26.752  106.751  -0.954256  46.0863  15.475  
-32.1114  26.7389  106.747  -0.953985  46.1033  15.4746  
-32.1114  26.7258  106.743  -0.953712  46.1203  15.4742  
-32.1114  26.7126  106.739  -0.953438  46.1374  15.4738  
-32.1114  26.6994  106.735  -0.953162  46.1547  15.4734  
-32.1114  26.686  106.731  -0.952886  46.172  15.473  
-32.1114  26.6727  106.727  -0.952608  46.1894  15.4726  
-32.1114  26.6592  106.723  -0.952329  46.2069  15.4722  
-32.1114  26.6457  106.719  -0.952049  46.2245  15.4718  
-32.1114  26.6321  106.715  -0.951768  46.2421  15.4714  
-32.1114  26.6185  106.711  -0.951485  46.2599  15.471  
-32.1114  26.6047  106.706  -0.951201  46.2778  15.4706  
-32.1114  26.591  106.702  -0.950916  46.2958  15.4702  
-32.1114  26.5771  106.698  -0.950629  46.3138  15.4698  
-32.1114  26.5632  106.694  -0.950342  46.332  15.4694  
-32.1114  26.5492  106.689  -0.950053  46.3502  15.469  
-32.1114  26.5352  106.685  -0.949763  46.3685  15.4685  
-32.1114  26.5211  106.681  -0.949472  46.387  15.4681  
-32.1114  26.5069  106.676  -0.94918  46.4055  15.4677  
-32.1114  26.4927  106.672  -0.948886  46.4241  15.4673  
-32.1114  26.4784  106.668  -0.948591  46.4428  15.4668  
-32.1114  26.464  106.663  -0.948296  46.4616  15.4664  
-32.1114  26.4496  106.659  -0.947998  46.4805  15.466  
-32.1114  26.4351  106.654  -0.9477  46.4995  15.4655  
-32.1114  26.4205  106.65  -0.947401  46.5186  15.4651  
-32.1114  26.4059  106.645  -0.9471  46.5378  15.4647  
-32.1114  26.3912  106.641  -0.946798  46.5571  15.4642  
-32.1114  26.3765  106.636  -0.946495  46.5764  15.4638  
-32.1114  26.3616  106.631  -0.946191  46.5959  15.4633  
-32.1114  26.3468  106.627  -0.945886  46.6154  15.4629  
-32.1114  26.3318  106.622  -0.94558  46.6351  15.4625  
-32.1114  26.3168  106.617  -0.945272  46.6548  15.462  
-32.1114  26.3017  106.612  -0.944963  46.6747  15.4616  
-32.1114  26.2866  106.608  -0.944654  46.6946  15.4611  
-32.1114  26.2714  106.603  -0.944343  46.7146  15.4607  
-32.1114  26.2562  106.598  -0.94403  46.7347  15.4602  
-32.1114  26.2408  106.593  -0.943717  46.7549  15.4597  
-32.1114  26.2254  106.588  -0.943403  46.7752  15.4593  
-32.1114  26.21  106.583  -0.943087  46.7956  15.4588  
-32.1114  26.1945  106.578  -0.942771  46.8161  15.4584  
-32.1114  26.1789  106.573  -0.942453  46.8367  15.4579  
-32.1114  26.1633  106.568  -0.942134  46.8574  15.4574  
-32.1114  26.1476  106.563  -0.941814  46.8781  15.457  
-32.1114  26.1318  106.558  -0.941493  46.899  15.4565  
-32.1114  26.116  106.553  -0.941171  46.92  15.456  
-32.1114  26.1001  106.548  -0.940848  46.941  15.4555  
-32.1114  26.0841  106.542  -0.940523  46.9622  15.4551  
-32.1114  26.0681  106.537  -0.940198  46.9834  15.4546  
-32.1114  26.052  106.532  -0.939871  47.0047  15.4541  
-32.1114  26.0359  106.527  -0.939544  47.0262  15.4536  
-32.1114  26.0197  106.521  -0.939215  47.0477  15.4531  
-32.1114  26.0034  106.516  -0.938885  47.0693  15.4527  
-32.1114  25.9871  106.511  -0.938554  47.091  15.4522  
-32.1114  25.9707  106.505  -0.938223  47.1128  15.4517  
-32.1114  25.9543  106.5  -0.93789  47.1347  15.4512  
-32.1114  25.9378  106.494  -0.937556  47.1567  15.4507  
-32.1114  25.9212  106.489  -0.937221  47.1788  15.4502  
-32.1114  25.9046  106.483  -0.936884  47.201  15.4497  
-32.1114  25.8879  106.478  -0.936547  47.2233  15.4492  
-32.1114  25.8711  106.472  -0.936209  47.2457  15.4487  
-32.1114  25.8543  106.466  -0.93587  47.2681  15.4482  
-32.1114  25.8374  106.461  -0.93553  47.2907  15.4477  
-32.1114  25.8205  106.455  -0.935188  47.3133  15.4472  
-32.1114  25.8035  106.449  -0.934846  47.3361  15.4467  
-32.1114  25.7864  106.443  -0.934503  47.3589  15.4462  
-32.1114  25.7693  106.438  -0.934158  47.3819  15.4457  
-32.1114  25.7521  106.432  -0.933813  47.4049  15.4452  
-32.1114  25.7349  106.426  -0.933466  47.428  15.4447  
-32.1114  25.7176  106.42  -0.933119  47.4513  15.4442  
-32.1114  25.7002  106.414  -0.932771  47.4746  15.4437  
-32.1114  25.6828  106.408  -0.932421  47.498  15.4431  
-32.1114  25.6653  106.402  -0.932071  47.5215  15.4426  
-32.1114  25.6478  106.396  -0.931719  47.5451  15.4421  
-32.1114  25.6302  106.39  -0.931367  47.5688  15.4416  
-32.1114  25.6125  106.384  -0.931014  47.5926  15.4411  
-32.1114  25.5948  106.377  -0.930659  47.6165  15.4405  
-32.1114  25.577  106.371  -0.930304  47.6405  15.44  
-32.1114  25.5592  106.365  -0.929948  47.6645  15.4395  
-32.1114  25.5413  106.359  -0.929591  47.6887  15.4389  
-32.1114  25.5233  106.352  -0.929232  47.713  15.4384  
-32.1114  25.5053  106.346  -0.928873  47.7373  15.4379  
-32.1114  25.4872  106.34  -0.928513  47.7618  15.4373  
-32.1114  25.4691  106.333  -0.928152  47.7864  15.4368  
-32.1114  25.4509  106.327  -0.92779  47.811  15.4363  
-32.1114  25.4326  106.32  -0.927427  47.8357  15.4357  
-32.1114  25.4143  106.314  -0.927063  47.8606  15.4352  
-32.1114  25.396  106.307  -0.926698  47.8855  15.4346  
-32.1114  25.3775  106.301  -0.926333  47.9105  15.4341  
-32.1114  25.3591  106.294  -0.925966  47.9357  15.4335  
-32.1114  25.3405  106.287  -0.925599  47.9609  15.433  
-32.1114  25.3219  106.281  -0.92523  47.9862  15.4324  
-32.1114  25.3033  106.274  -0.924861  48.0116  15.4319  
-32.1114  25.2845  106.267  -0.92449  48.0371  15.4313  
-32.1114  25.2658  106.26  -0.924119  48.0627  15.4308  
-32.1114  25.2469  106.253  -0.923747  48.0884  15.4302  
-32.1114  25.228  106.246  -0.923374  48.1142  15.4297  
-32.1114  25.2091  106.239  -0.923  48.1401  15.4291  
-32.1114  25.1901  106.232  -0.922625  48.166  15.4285  
-32.1114  25.171  106.225  -0.92225  48.1921  15.428  
-32.1114  25.1519  106.218  -0.921873  48.2183  15.4274  
-32.1114  25.1327  106.211  -0.921496  48.2445  15.4269  
-32.1114  25.1135  106.204  -0.921117  48.2709  15.4263  
-32.1114  25.0942  106.197  -0.920738  48.2974  15.4257  
-32.1114  25.0749  106.19  -0.920358  48.3239  15.4251  
-32.1114  25.0555  106.183  -0.919978  48.3506  15.4246  
-32.1114  25.036  106.175  -0.919596  48.3773  15.424  
-32.1114  25.0165  106.168  -0.919213  48.4042  15.4234  
-32.1114  24.9969  106.161  -0.91883  48.4311  15.4228  
-32.1114  24.9773  106.153  -0.918446  48.4581  15.4223  
-32.1114  24.9576  106.146  -0.918061  48.4852  15.4217  
-32.1114  24.9379  106.138  -0.917675  48.5125  15.4211  
-32.1114  24.9181  106.131  -0.917288  48.5398  15.4205  
-32.1114  24.8983  106.123  -0.916901  48.5672  15.4199  
-32.1114  24.8784  106.116  -0.916512  48.5947  15.4193  
-32.1114  24.8584  106.108  -0.916123  48.6223  15.4188  
-32.1114  24.8384  106.1  -0.915733  48.65  15.4182  
-32.1114  24.8183  106.092  -0.915342  48.6778  15.4176  
-32.1114  24.7982  106.085  -0.914951  48.7057  15.417  
-32.1114  24.778  106.077  -0.914559  48.7337  15.4164  
-32.1114  24.7578  106.069  -0.914165  48.7618  15.4158  
-32.1114  24.7375  106.061  -0.913772  48.79  15.4152  
-32.1114  24.7172  106.053  -0.913377  48.8182  15.4146  
-32.1114  24.6968  106.045  -0.912981  48.8466  15.414  
-32.1114  24.6763  106.037  -0.912585  48.8751  15.4134  
-32.1114  24.6558  106.029  -0.912188  48.9036  15.4128  
-32.1114  24.6353  106.021  -0.91179  48.9323  15.4122  
-32.1114  24.6147  106.013  -0.911392  48.9611  15.4116  
-32.1114  24.594  106.005  -0.910993  48.9899  15.411  
-32.1114  24.5733  105.996  -0.910592  49.0189  15.4104  
-32.1114  24.5525  105.988  -0.910192  49.0479  15.4097  
-32.1114  24.5317  105.98  -0.90979  49.0771  15.4091  
-32.1114  24.5108  105.971  -0.909388  49.1063  15.4085  
-32.1114  24.4899  105.963  -0.908985  49.1356  15.4079  
-32.1114  24.4689  105.954  -0.908581  49.1651  15.4073  
-32.1114  24.4479  105.946  -0.908177  49.1946  15.4067  
-32.1114  24.4268  105.937  -0.907772  49.2242  15.406  
-32.1114  24.4057  105.929  -0.907366  49.2539  15.4054  
-32.1114  24.3845  105.92  -0.906959  49.2838  15.4048  
-32.1114  24.3633  105.912  -0.906552  49.3137  15.4042  
-32.1114  24.342  105.903  -0.906144  49.3437  15.4035  
-32.1114  24.3206  105.894  -0.905736  49.3738  15.4029  
-32.1114  24.2992  105.885  -0.905326  49.404  15.4023  
-32.1114  24.2778  105.876  -0.904916  49.4343  15.4017  
-32.1114  24.2563  105.867  -0.904505  49.4647  15.401  
-32.1114  24.2347  105.859  -0.904094  49.4952  15.4004  
-32.1114  24.2131  105.85  -0.903682  49.5258  15.3998  
-32.1114  24.1915  105.84  -0.903269  49.5565  15.3991  
-32.1114  24.1698  105.831  -0.902856  49.5872  15.3985  
-32.1114  24.148  105.822  -0.902442  49.6181  15.3978  
-32.1114  24.1262  105.813  -0.902027  49.6491  15.3972  
-32.1114  24.1044  105.804  -0.901612  49.6802  15.3966  
-32.1114  24.0825  105.795  -0.901196  49.7113  15.3959  
-32.1114  24.0605  105.785  -0.900779  49.7426  15.3953  
-32.1114  24.0385  105.776  -0.900362  49.774  15.3946  
-32.1114  24.0165  105.767  -0.899944  49.8054  15.394  
-32.1114  23.9944  105.757  -0.899526  49.837  15.3933  
-32.1114  23.9722  105.748  -0.899107  49.8687  15.3927  
-32.1114  23.95  105.738  -0.898687  49.9004  15.392  
-32.1114  23.9278  105.728  -0.898266  49.9323  15.3914  
-32.1114  23.9055  105.719  -0.897846  49.9642  15.3907  
-32.1114  23.8831  105.709  -0.897424  49.9962  15.3901  
-32.1114  23.8607  105.699  -0.897002  50.0284  15.3894  
-32.1114  23.8383  105.689  -0.896579  50.0606  15.3888  
-32.1114  23.8158  105.68  -0.896156  50.093  15.3881  
-32.1114  23.7933  105.67  -0.895732  50.1254  15.3874  
-32.1114  23.7707  105.66  -0.895307  50.1579  15.3868  
-32.1114  23.748  105.65  -0.894882  50.1905  15.3861  
-32.1114  23.7254  105.64  -0.894457  50.2233  15.3854  
-32.1114  23.7026  105.63  -0.89403  50.2561  15.3848  
-32.1114  23.6799  105.62  -0.893604  50.289  15.3841  
-32.1114  23.657  105.609  -0.893176  50.322  15.3834  
-32.1114  23.6342  105.599  -0.892748  50.3551  15.3828  
-32.1114  23.6112  105.589  -0.89232  50.3883  15.3821  
-32.1114  23.5883  105.578  -0.891891  50.4216  15.3814  
-32.1114  23.5653  105.568  -0.891461  50.455  15.3808  
-32.1114  23.5422  105.558  -0.891031  50.4885  15.3801  
-32.1114  23.5191  105.547  -0.890601  50.5221  15.3794  
-32.1114  23.4959  105.537  -0.89017  50.5558  15.3787  
-32.1114  23.4727  105.526  -0.889738  50.5896  15.378  
-32.1114  23.4495  105.515  -0.889306  50.6235  15.3774  
-32.1114  23.4262  105.505  -0.888873  50.6575  15.3767  
-32.1114  23.4029  105.494  -0.88844  50.6916  15.376  
-32.1114  23.3795  105.483  -0.888007  50.7258  15.3753  
-32.1114  23.3561  105.472  -0.887573  50.7601  15.3746  
-32.1114  23.3326  105.461  -0.887138  50.7944  15.3739  
-32.1114  23.3091  105.45  -0.886703  50.8289  15.3733  
-32.1114  23.2855  105.439  -0.886267  50.8635  15.3726  
-32.1114  23.2619  105.428  -0.885831  50.8982  15.3719  
-32.1114  23.2383  105.417  -0.885395  50.9329  15.3712  
-32.1114  23.2146  105.406  -0.884958  50.9678  15.3705  
-32.1114  23.1908  105.395  -0.88452  51.0028  15.3698  
-32.1114  23.1671  105.383  -0.884082  51.0378  15.3691  
-32.1114  23.1432  105.372  -0.883644  51.073  15.3684  
-32.1114  23.1194  105.361  -0.883205  51.1082  15.3677  
-32.1114  23.0955  105.349  -0.882766  51.1436  15.367  
-32.1114  23.0715  105.338  -0.882326  51.179  15.3663  
-32.1114  23.0475  105.326  -0.881886  51.2146  15.3656  
-32.1114  23.0235  105.315  -0.881445  51.2502  15.3649  
-32.1114  22.9994  105.303  -0.881004  51.286  15.3642  
-32.1114  22.9753  105.291  -0.880563  51.3218  15.3635  
-32.1114  22.9511  105.279  -0.880121  51.3578  15.3628  
-32.1114  22.9269  105.268  -0.879679  51.3938  15.3621  
-32.1114  22.9026  105.256  -0.879236  51.4299  15.3614  
-32.1114  22.8783  105.244  -0.878793  51.4662  15.3606  
-32.1114  22.854  105.232  -0.87835  51.5025  15.3599  
-32.1114  22.8296  105.22  -0.877906  51.5389  15.3592  
-32.1114  22.8052  105.208  -0.877462  51.5755  15.3585  
-32.1114  22.7807  105.195  -0.877017  51.6121  15.3578  
-32.1114  22.7562  105.183  -0.876572  51.6488  15.3571  
-32.1114  22.7317  105.171  -0.876127  51.6856  15.3564  
-32.1114  22.7071  105.159  -0.875681  51.7226  15.3556  
-32.1114  22.6825  105.146  -0.875235  51.7596  15.3549  
-32.1114  22.6578  105.134  -0.874788  51.7967  15.3542  
-32.1114  22.6331  105.121  -0.874342  51.8339  15.3535  
-32.1114  22.6084  105.109  -0.873894  51.8712  15.3527  
-32.1114  22.5836  105.096  -0.873447  51.9086  15.352  
-32.1114  22.5588  105.083  -0.872999  51.9462  15.3513  
-32.1114  22.5339  105.07  -0.872551  51.9838  15.3506  
-32.1114  22.509  105.058  -0.872102  52.0215  15.3498  
-32.1114  22.4841  105.045  -0.871654  52.0593  15.3491  
-32.1114  22.4591  105.032  -0.871204  52.0972  15.3484  
-32.1114  22.4341  105.019  -0.870755  52.1352  15.3476  
-32.1114  22.409  105.006  -0.870305  52.1733  15.3469  
-32.1114  22.3839  104.993  -0.869855  52.2115  15.3462  
-32.1114  22.3588  104.98  -0.869405  52.2498  15.3454  
-32.1114  22.3336  104.966  -0.868954  52.2882  15.3447  
-32.1114  22.3084  104.953  -0.868503  52.3267  15.344  
-32.1114  22.2832  104.94  -0.868052  52.3653  15.3432  
-32.1114  22.2579  104.926  -0.8676  52.4039  15.3425  
-32.1114  22.2326  104.913  -0.867148  52.4427  15.3417  
-32.1114  22.2072  104.899  -0.866696  52.4816  15.341  
-32.1114  22.1818  104.886  -0.866244  52.5206  15.3403  
-32.1114  22.1564  104.872  -0.865791  52.5597  15.3395  
-32.1114  22.1309  104.858  -0.865338  52.5989  15.3388  
-32.1114  22.1054  104.845  -0.864885  52.6381  15.338  
-32.1114  22.0799  104.831  -0.864431  52.6775  15.3373  
-32.1114  22.0543  104.817  -0.863978  52.717  15.3365  
-32.1114  22.0287  104.803  -0.863524  52.7566  15.3358  
-32.1114  22.0031  104.789  -0.86307  52.7963  15.335  
-32.1114  21.9774  104.775  -0.862615  52.836  15.3343  
-32.1114  21.9517  104.76  -0.862161  52.8759  15.3335  
-32.1114  21.9259  104.746  -0.861706  52.9159  15.3328  
-32.1114  21.9001  104.732  -0.861251  52.9559  15.332  
-32.1114  21.8743  104.718  -0.860795  52.9961  15.3313  
-32.1114  21.8485  104.703  -0.86034  53.0364  15.3305  
-32.1114  21.8226  104.689  -0.859884  53.0767  15.3297  
-32.1114  21.7967  104.674  -0.859428  53.1172  15.329  
-32.1114  21.7707  104.66  -0.858972  53.1578  15.3282  
-32.1114  21.7447  104.645  -0.858516  53.1984  15.3275  
-32.1114  21.7187  104.63  -0.858059  53.2392  15.3267  
-32.1114  21.6926  104.615  -0.857603  53.28  15.3259  
-32.1114  21.6665  104.6  -0.857146  53.321  15.3252  
-32.1114  21.6404  104.586  -0.856689  53.362  15.3244  
-32.1114  21.6143  104.571  -0.856232  53.4032  15.3236  
-32.1114  21.5881  104.555  -0.855774  53.4444  15.3229  
-32.1114  21.5619  104.54  -0.855317  53.4858  15.3221  
-32.1114  21.5356  104.525  -0.854859  53.5272  15.3213  
-32.1114  21.5093  104.51  -0.854401  53.5688  15.3206  
-32.1114  21.483  104.495  -0.853943  53.6104  15.3198  
-32.1114  21.4567  104.479  -0.853485  53.6522  15.319  
-32.1114  21.4303  104.464  -0.853027  53.694  15.3182  
-32.1114  21.4039  104.448  -0.852569  53.736  15.3175  
-32.1114  21.3775  104.432  -0.85211  53.778  15.3167  
-32.1114  21.351  104.417  -0.851652  53.8202  15.3159  
-32.1114  21.3245  104.401  -0.851193  53.8624  15.3151  
-32.1114  21.298  104.385  -0.850734  53.9047  15.3144  
-32.1114  21.2714  104.369  -0.850275  53.9472  15.3136  
-32.1114  21.2449  104.353  -0.849816  53.9897  15.3128  
-32.1114  21.2182  104.337  -0.849357  54.0323  15.312  
-32.1114  21.1916  104.321  -0.848898  54.0751  15.3112  
-32.1114  21.1649  104.305  -0.848438  54.1179  15.3105  
-32.1114  21.1382  104.289  -0.847979  54.1608  15.3097  
-32.1114  21.1115  104.273  -0.847519  54.2039  15.3089  
-32.1114  21.0847  104.256  -0.84706  54.247  15.3081  
-32.1114  21.0579  104.24  -0.8466  54.2902  15.3073  
-32.1114  21.0311  104.223  -0.84614  54.3336  15.3065  
-32.1114  21.0043  104.207  -0.84568  54.377  15.3057  
-32.1114  20.9774  104.19  -0.845221  54.4205  15.3049  
-32.1114  20.9505  104.173  -0.844761  54.4641  15.3042  
-32.1114  20.9236  104.156  -0.844301  54.5079  15.3034  
-32.1114  20.8967  104.14  -0.843841  54.5517  15.3026  
-32.1114  20.8697  104.123  -0.843381  54.5956  15.3018  
-32.1114  20.8427  104.106  -0.842921  54.6396  15.301  
-32.1114  20.8156  104.088  -0.84246  54.6837  15.3002  
-32.1114  20.7886  104.071  -0.842  54.728  15.2994  
-32.1114  20.7615  104.054  -0.84154  54.7723  15.2986  
-32.1114  20.7344  104.037  -0.84108  54.8167  15.2978  
-32.1114  20.7073  104.019  -0.84062  54.8612  15.297  
-32.1114  20.6801  104.002  -0.840159  54.9058  15.2962  
-32.1114  20.6529  103.984  -0.839699  54.9505  15.2954  
-32.1114  20.6257  103.967  -0.839239  54.9953  15.2946  
-32.1114  20.5985  103.949  -0.838779  55.0403  15.2938  
-32.1114  20.5713  103.931  -0.838319  55.0853  15.293  
-32.1114  20.544  103.913  -0.837858  55.1304  15.2922  
-32.1114  20.5167  103.896  -0.837398  55.1756  15.2914  
-32.1114  20.4894  103.878  -0.836938  55.2209  15.2906  
-32.1114  20.462  103.859  -0.836478  55.2663  15.2898  
-32.1114  20.4346  103.841  -0.836018  55.3118  15.289  
-32.1114  20.4072  103.823  -0.835558  55.3574  15.2881  
-32.1114  20.3798  103.805  -0.835098  55.4031  15.2873  
-32.1114  20.3524  103.786  -0.834638  55.4489  15.2865  
-32.1114  20.3249  103.768  -0.834178  55.4948  15.2857  
-32.1114  20.2975  103.749  -0.833718  55.5408  15.2849  
-32.1114  20.2699  103.731  -0.833258  55.5869  15.2841  
-32.1114  20.2424  103.712  -0.832798  55.6331  15.2833  
-32.1114  20.2149  103.693  -0.832338  55.6794  15.2825  
-32.1114  20.1873  103.675  -0.831879  55.7258  15.2816  
-32.1114  20.1597  103.656  -0.831419  55.7723  15.2808  
-32.1114  20.1321  103.637  -0.83096  55.8189  15.28  
-32.1114  20.1045  103.618  -0.8305  55.8656  15.2792  
-32.1114  20.0768  103.598  -0.830041  55.9124  15.2784  
-32.1114  20.0492  103.579  -0.829582  55.9593  15.2776  
-32.1114  20.0215  103.56  -0.829123  56.0063  15.2767  
-32.1114  19.9938  103.541  -0.828664  56.0534  15.2759  
-32.1114  19.9661  103.521  -0.828205  56.1006  15.2751  
-32.1114  19.9383  103.502  -0.827746  56.1479  15.2743  
-32.1114  19.9106  103.482  -0.827287  56.1952  15.2734  
-32.1114  19.8828  103.462  -0.826829  56.2427  15.2726  
-32.1114  19.855  103.442  -0.82637  56.2903  15.2718  
-32.1114  19.8272  103.423  -0.825912  56.338  15.271  
-32.1114  19.7993  103.403  -0.825454  56.3858  15.2701  
-32.1114  19.7715  103.383  -0.824995  56.4337  15.2693  
-32.1114  19.7436  103.362  -0.824538  56.4817  15.2685  
-32.1114  19.7157  103.342  -0.82408  56.5297  15.2677  
-32.1114  19.6878  103.322  -0.823622  56.5779  15.2668  
-32.1114  19.6599  103.302  -0.823165  56.6262  15.266  
-32.1114  19.632  103.281  -0.822707  56.6746  15.2652  
-32.1114  19.604  103.261  -0.82225  56.7231  15.2643  
-32.1114  19.5761  103.24  -0.821793  56.7716  15.2635  
-32.1114  19.5481  103.219  -0.821336  56.8203  15.2627  
-32.1114  19.5201  103.198  -0.82088  56.8691  15.2618  
-32.1114  19.4921  103.178  -0.820423  56.918  15.261  
-32.1114  19.464  103.157  -0.819967  56.9669  15.2602  
-32.1114  19.436  103.136  -0.819511  57.016  15.2593  
-32.1114  19.4079  103.114  -0.819055  57.0652  15.2585  
-32.1114  19.3799  103.093  -0.818599  57.1145  15.2576  
-32.1114  19.3518  103.072  -0.818143  57.1638  15.2568  
-32.1114  19.3237  103.051  -0.817688  57.2133  15.256  
-32.1114  19.2956  103.029  -0.817233  57.2629  15.2551  
-32.1114  19.2675  103.008  -0.816778  57.3125  15.2543  
-32.1114  19.2393  102.986  -0.816323  57.3623  15.2534  
-32.1114  19.2112  102.964  -0.815869  57.4122  15.2526  
-32.1114  19.183  102.942  -0.815414  57.4621  15.2517  
-32.1114  19.1549  102.92  -0.81496  57.5122  15.2509  
-32.1114  19.1267  102.899  -0.814507  57.5624  15.2501  
-32.1114  19.0985  102.876  -0.814053  57.6126  15.2492  
-32.1114  19.0703  102.854  -0.8136  57.663  15.2484  
-32.1114  19.0421  102.832  -0.813147  57.7134  15.2475  
-32.1114  19.0139  102.81  -0.812694  57.764  15.2467  
-32.1114  18.9856  102.787  -0.812241  57.8147  15.2458  
-32.1114  18.9574  102.765  -0.811789  57.8654  15.245  
-32.1114  18.9291  102.742  -0.811337  57.9163  15.2441  
-32.1114  18.9009  102.719  -0.810885  57.9672  15.2433  
-32.1114  18.8726  102.697  -0.810433  58.0183  15.2424  
-32.1114  18.8443  102.674  -0.809982  58.0694  15.2416  
-32.1114  18.816  102.651  -0.809531  58.1207  15.2407  
-32.1114  18.7877  102.628  -0.80908  58.172  15.2399  
-32.1114  18.7594  102.605  -0.80863  58.2235  15.239  
-32.1114  18.7311  102.581  -0.80818  58.275  15.2381  
-32.1114  18.7028  102.558  -0.80773  58.3267  15.2373  
-32.1114  18.6744  102.535  -0.807281  58.3784  15.2364  
-32.1114  18.6461  102.511  -0.806831  58.4303  15.2356  
-32.1114  18.6178  102.487  -0.806382  58.4822  15.2347  
-32.1114  18.5894  102.464  -0.805934  58.5343  15.2339  
-32.1114  18.5611  102.44  -0.805485  58.5864  15.233  
-32.1114  18.5327  102.416  -0.805037  58.6387  15.2321  
-32.1114  18.5043  102.392  -0.80459  58.691  15.2313  
-32.1114  18.4759  102.368  -0.804142  58.7435  15.2304  
-32.1114  18.4476  102.344  -0.803695  58.796  15.2296  
-32.1114  18.4192  102.32  -0.803249  58.8486  15.2287  
-32.1114  18.3908  102.295  -0.802802  58.9014  15.2278  
-32.1114  18.3624  102.271  -0.802356  58.9542  15.227  
-32.1114  18.334  102.246  -0.801911  59.0071  15.2261  
-32.1114  18.3056  102.222  -0.801465  59.0602  15.2252  
-32.1114  18.2772  102.197  -0.80102  59.1133  15.2244  
-32.1114  18.2488  102.172  -0.800576  59.1665  15.2235  
-32.1114  18.2204  102.147  -0.800132  59.2199  15.2226  
-32.1114  18.192  102.122  -0.799688  59.2733  15.2218  
-32.1114  18.1635  102.097  -0.799244  59.3268  15.2209  
-32.1114  18.1351  102.072  -0.798801  59.3805  15.22  
-32.1114  18.1067  102.046  -0.798358  59.4342  15.2192  
-32.1114  18.0783  102.021  -0.797916  59.488  15.2183  
-32.1114  18.0499  101.996  -0.797474  59.5419  15.2174  
-32.1114  18.0214  101.97  -0.797032  59.596  15.2165  
-32.1114  17.993  101.944  -0.796591  59.6501  15.2157  
-32.1114  17.9646  101.918  -0.79615  59.7043  15.2148  
-32.1114  17.9361  101.893  -0.79571  59.7586  15.2139  
-32.1114  17.9077  101.867  -0.79527  59.813  15.213  
-32.1114  17.8793  101.84  -0.79483  59.8675  15.2122  
-32.1114  17.8509  101.814  -0.794391  59.9222  15.2113  
-32.1114  17.8224  101.788  -0.793952  59.9769  15.2104  
-32.1114  17.794  101.762  -0.793514  60.0317  15.2095  
-32.1114  17.7656  101.735  -0.793076  60.0866  15.2087  
-32.1114  17.7372  101.709  -0.792639  60.1416  15.2078  
-32.1114  17.7087  101.682  -0.792202  60.1967  15.2069  
-32.1114  17.6803  101.655  -0.791765  60.2519  15.206  
-32.1114  17.6519  101.628  -0.791329  60.3072  15.2052  
-32.1114  17.6235  101.601  -0.790893  60.3626  15.2043  
-32.1114  17.5951  101.574  -0.790458  60.4181  15.2034  
-32.1114  17.5669  101.547  -0.790026  60.4734  15.2025  
-32.1114  17.5387  101.52  -0.789595  60.5286  15.2016  
-32.1114  17.5107  101.493  -0.789166  60.5837  15.2008  
-32.1114  17.4827  101.466  -0.788739  60.6388  15.1999  
-32.1114  17.4548  101.439  -0.788314  60.6937  15.199  
-32.1114  17.4271  101.412  -0.787891  60.7486  15.1982  
-32.1114  17.3994  101.384  -0.78747  60.8033  15.1973  
-32.1114  17.3719  101.357  -0.787051  60.858  15.1964  
-32.1114  17.3444  101.33  -0.786633  60.9126  15.1956  
-32.1114  17.317  101.303  -0.786218  60.9671  15.1947  
-32.1114  17.2898  101.276  -0.785804  61.0215  15.1939  
-32.1114  17.2626  101.249  -0.785392  61.0758  15.193  
-32.1114  17.2355  101.222  -0.784982  61.13  15.1922  
-32.1114  17.2085  101.195  -0.784574  61.1841  15.1913  
-32.1114  17.1817  101.167  -0.784167  61.2381  15.1905  
-32.1114  17.1549  101.14  -0.783763  61.292  15.1896  
-32.1114  17.1282  101.113  -0.78336  61.3459  15.1888  
-32.1114  17.1016  101.086  -0.782959  61.3996  15.188  
-32.1114  17.0751  101.059  -0.78256  61.4533  15.1871  
-32.1114  17.0487  101.032  -0.782162  61.5069  15.1863  
-32.1114  17.0224  101.004  -0.781766  61.5603  15.1855  
-32.1114  16.9962  100.977  -0.781372  61.6137  15.1846  
-32.1114  16.9701  100.95  -0.78098  61.667  15.1838  
-32.1114  16.9441  100.923  -0.78059  61.7202  15.183  
-32.1114  16.9181  100.896  -0.780201  61.7733  15.1822  
-32.1114  16.8923  100.869  -0.779814  61.8263  15.1814  
-32.1114  16.8666  100.841  -0.779429  61.8792  15.1805  
-32.1114  16.8409  100.814  -0.779046  61.932  15.1797  
-32.1114  16.8154  100.787  -0.778664  61.9847  15.1789  
-32.1114  16.7899  100.76  -0.778284  62.0373  15.1781  
-32.1114  16.7646  100.733  -0.777905  62.0899  15.1773  
-32.1114  16.7393  100.705  -0.777529  62.1423  15.1765  
-32.1114  16.7141  100.678  -0.777154  62.1947  15.1757  
-32.1114  16.6891  100.651  -0.77678  62.2469  15.1749  
-32.1114  16.6641  100.624  -0.776409  62.2991  15.1741  
-32.1114  16.6392  100.597  -0.776039  62.3512  15.1733  
-32.1114  16.6144  100.57  -0.77567  62.4032  15.1725  
-32.1114  16.5896  100.542  -0.775304  62.455  15.1717  
-32.1114  16.565  100.515  -0.774939  62.5068  15.1709  
-32.1114  16.5405  100.488  -0.774575  62.5585  15.1701  
-32.1114  16.516  100.461  -0.774213  62.6101  15.1693  
-32.1114  16.4917  100.434  -0.773853  62.6617  15.1686  
-32.1114  16.4674  100.407  -0.773495  62.7131  15.1678  
-32.1114  16.4433  100.379  -0.773138  62.7644  15.167  
-32.1114  16.4192  100.352  -0.772782  62.8156  15.1662  
-32.1114  16.3952  100.325  -0.772428  62.8668  15.1654  
-32.1114  16.3713  100.298  -0.772076  62.9178  15.1647  
-32.1114  16.3475  100.271  -0.771726  62.9688  15.1639  
-32.1114  16.3237  100.244  -0.771377  63.0196  15.1631  
-32.1114  16.3001  100.217  -0.771029  63.0704  15.1624  
-32.1114  16.2766  100.189  -0.770683  63.1211  15.1616  
-32.1114  16.2531  100.162  -0.770339  63.1716  15.1608  
-32.1114  16.2297  100.135  -0.769996  63.2221  15.1601  
-32.1114  16.2064  100.108  -0.769655  63.2725  15.1593  
-32.1114  16.1832  100.081  -0.769315  63.3228  15.1586  
-32.1114  16.1601  100.054  -0.768977  63.373  15.1578  
-32.1114  16.1371  100.027  -0.76864  63.4231  15.1571  
-32.1114  16.1142  99.9997  -0.768305  63.4731  15.1563  
-32.1114  16.0913  99.9726  -0.767971  63.523  15.1556  
-32.1114  16.0685  99.9456  -0.767639  63.5729  15.1548  
-32.1114  16.0459  99.9185  -0.767308  63.6226  15.1541  
-32.1114  16.0233  99.8915  -0.766979  63.6722  15.1533  
-32.1114  16.0008  99.8644  -0.766651  63.7218  15.1526  
-32.1114  15.9783  99.8374  -0.766325  63.7712  15.1518  
-32.1114  15.956  99.8104  -0.766  63.8206  15.1511  
-32.1114  15.9338  99.7834  -0.765676  63.8698  15.1504  
-32.1114  15.9116  99.7564  -0.765355  63.919  15.1496  
-32.1114  15.8895  99.7294  -0.765034  63.9681  15.1489  
-32.1114  15.8675  99.7024  -0.764715  64.017  15.1482  
-32.1114  15.8456  99.6754  -0.764398  64.0659  15.1475  
-32.1114  15.8238  99.6485  -0.764081  64.1147  15.1467  
-32.1114  15.802  99.6215  -0.763767  64.1634  15.146  
-32.1114  15.7803  99.5946  -0.763453  64.212  15.1453  
-32.1114  15.7588  99.5676  -0.763141  64.2605  15.1446  
-32.1114  15.7373  99.5407  -0.762831  64.3089  15.1439  
-32.1114  15.7158  99.5138  -0.762522  64.3572  15.1432  
-32.1114  15.6945  99.4869  -0.762214  64.4055  15.1424  
-32.1114  15.6733  99.4601  -0.761908  64.4536  15.1417  
-32.1114  15.6521  99.4332  -0.761603  64.5016  15.141  
-32.1114  15.631  99.4063  -0.761299  64.5496  15.1403  
-32.1114  15.61  99.3795  -0.760997  64.5974  15.1396  
-32.1114  15.5891  99.3527  -0.760696  64.6452  15.1389  
-32.1114  15.5682  99.3258  -0.760397  64.6928  15.1382  
-32.1114  15.5474  99.299  -0.760099  64.7404  15.1375  
-32.1114  15.5268  99.2723  -0.759802  64.7879  15.1368  
-32.1114  15.5062  99.2455  -0.759507  64.8352  15.1361  
-32.1114  15.4856  99.2187  -0.759212  64.8825  15.1354  
-32.1114  15.4652  99.192  -0.75892  64.9297  15.1347  
-32.1114  15.4448  99.1653  -0.758628  64.9768  15.1341  
-32.1114  15.4245  99.1385  -0.758338  65.0238  15.1334  
-32.1114  15.4043  99.1118  -0.758049  65.0707  15.1327  
-32.1114  15.3842  99.0852  -0.757762  65.1175  15.132  
-32.1114  15.3641  99.0585  -0.757476  65.1642  15.1313  
-32.1114  15.3442  99.0318  -0.757191  65.2108  15.1306  
-32.1114  15.3243  99.0052  -0.756907  65.2574  15.13  
-32.1114  15.3045  98.9786  -0.756625  65.3038  15.1293  
-32.1114  15.2847  98.952  -0.756344  65.3501  15.1286  
-32.1114  15.2651  98.9254  -0.756064  65.3964  15.1279  
-32.1114  15.2455  98.8988  -0.755785  65.4425  15.1273  
-32.1114  15.226  98.8723  -0.755508  65.4886  15.1266  
-32.1114  15.2065  98.8458  -0.755232  65.5345  15.1259  
-32.1114  15.1872  98.8193  -0.754957  65.5804  15.1253  
-32.1114  15.1679  98.7928  -0.754684  65.6261  15.1246  
-32.1114  15.1487  98.7663  -0.754412  65.6718  15.124  
-32.1114  15.1296  98.7398  -0.754141  65.7174  15.1233  
-32.1114  15.1105  98.7134  -0.753871  65.7629  15.1226  
-32.1114  15.0916  98.687  -0.753603  65.8083  15.122  
-32.1114  15.0727  98.6606  -0.753335  65.8535  15.1213  
-32.1114  15.0538  98.6342  -0.753069  65.8987  15.1207  
-32.1114  15.0351  98.6078  -0.752804  65.9438  15.12  
-32.1114  15.0164  98.5815  -0.752541  65.9889  15.1194  
-32.1114  14.9978  98.5552  -0.752278  66.0338  15.1187  
-32.1114  14.9793  98.5289  -0.752017  66.0786  15.1181  
-32.1114  14.9608  98.5026  -0.751757  66.1233  15.1175  
-32.1114  14.9425  98.4764  -0.751498  66.1679  15.1168  
-32.1114  14.9242  98.4501  -0.75124  66.2125  15.1162  
-32.1114  14.9059  98.4239  -0.750984  66.2569  15.1155  
-32.1114  14.8878  98.3977  -0.750728  66.3012  15.1149  
-32.1114  14.8697  98.3716  -0.750474  66.3455  15.1143  
-32.1114  14.8517  98.3454  -0.750221  66.3896  15.1136  
-32.1114  14.8337  98.3193  -0.749969  66.4337  15.113  
-32.1114  14.8159  98.2932  -0.749718  66.4777  15.1124  
-32.1114  14.7981  98.2671  -0.749469  66.5215  15.1118  
-32.1114  14.7804  98.2411  -0.74922  66.5653  15.1111  
-32.1114  14.7627  98.215  -0.748973  66.609  15.1105  
-32.1114  14.7451  98.189  -0.748727  66.6526  15.1099  
-32.1114  14.7276  98.163  -0.748482  66.6961  15.1093  
-32.1114  14.7102  98.1371  -0.748238  66.7395  15.1087  
-32.1114  14.6928  98.1111  -0.747995  66.7828  15.108  
-32.1114  14.6755  98.0852  -0.747754  66.826  15.1074  
-32.1114  14.6583  98.0593  -0.747513  66.8691  15.1068  
-32.1114  14.6411  98.0335  -0.747274  66.9121  15.1062  
-32.1114  14.6241  98.0076  -0.747035  66.955  15.1056  
-32.1114  14.607  97.9818  -0.746798  66.9978  15.105  
-32.1114  14.5901  97.956  -0.746562  67.0406  15.1044  
-32.1114  14.5732  97.9303  -0.746327  67.0832  15.1038  
-32.1114  14.5564  97.9045  -0.746093  67.1257  15.1032  
-32.1114  14.5397  97.8788  -0.74586  67.1682  15.1026  
-32.1114  14.523  97.8532  -0.745628  67.2105  15.102  
-32.1114  14.5064  97.8275  -0.745397  67.2528  15.1014  
-32.1114  14.4899  97.8019  -0.745168  67.2949  15.1008  
-32.1114  14.4734  97.7763  -0.744939  67.337  15.1002  
-32.1114  14.457  97.7507  -0.744711  67.379  15.0996  
-32.1114  14.4407  97.7252  -0.744485  67.4208  15.099  
-32.1114  14.4244  97.6996  -0.744259  67.4626  15.0984  
-32.1114  14.4082  97.6742  -0.744035  67.5043  15.0978  
-32.1114  14.3921  97.6487  -0.743812  67.5459  15.0973  
-32.1114  14.376  97.6233  -0.743589  67.5874  15.0967  
-32.1114  14.36  97.5979  -0.743368  67.6288  15.0961  
-32.1114  14.3441  97.5725  -0.743148  67.6701  15.0955  
-32.1114  14.3282  97.5471  -0.742928  67.7113  15.0949  
-32.1114  14.3124  97.5218  -0.74271  67.7524  15.0944  
-32.1114  14.2967  97.4965  -0.742493  67.7934  15.0938  
-32.1114  14.281  97.4713  -0.742277  67.8343  15.0932  
-32.1114  14.2654  97.446  -0.742061  67.8751  15.0926  
-32.1114  14.2499  97.4208  -0.741847  67.9159  15.0921  
-32.1114  14.2344  97.3957  -0.741634  67.9565  15.0915  
-32.1114  14.219  97.3705  -0.741422  67.997  15.0909  
-32.1114  14.2037  97.3454  -0.74121  68.0375  15.0904  
-32.1114  14.1884  97.3203  -0.741  68.0778  15.0898  
-32.1114  14.1732  97.2953  -0.740791  68.1181  15.0893  
-32.1114  14.1581  97.2703  -0.740583  68.1582  15.0887  
-32.1114  14.143  97.2453  -0.740375  68.1983  15.0881  
-32.1114  14.128  97.2203  -0.740169  68.2383  15.0876  
-32.1114  14.113  97.1954  -0.739964  68.2781  15.087  
-32.1114  14.0981  97.1705  -0.739759  68.3179  15.0865  
-32.1114  14.0833  97.1457  -0.739556  68.3576  15.0859  
-32.1114  14.0685  97.1209  -0.739353  68.3972  15.0854  
-32.1114  14.0538  97.0961  -0.739152  68.4367  15.0848  
-32.1114  14.0392  97.0713  -0.738951  68.4761  15.0843  
-32.1114  14.0246  97.0466  -0.738751  68.5154  15.0837  
-32.1114  14.0101  97.0219  -0.738553  68.5546  15.0832  
-32.1114  13.9956  96.9972  -0.738355  68.5937  15.0826  
-32.1114  13.9812  96.9726  -0.738158  68.6327  15.0821  
-32.1114  13.9669  96.948  -0.737962  68.6716  15.0816  
-32.1114  13.9526  96.9235  -0.737767  68.7104  15.081  
-32.1114  13.9384  96.8989  -0.737573  68.7492  15.0805  
-32.1114  13.9243  96.8745  -0.737379  68.7878  15.08  
-32.1114  13.9102  96.85  -0.737187  68.8263  15.0794  
-32.1114  13.8962  96.8256  -0.736996  68.8648  15.0789  
-32.1114  13.8822  96.8012  -0.736805  68.9031  15.0784  
-32.1114  13.8683  96.7768  -0.736616  68.9414  15.0778  
-32.1114  13.8545  96.7525  -0.736427  68.9795  15.0773  
-32.1114  13.8407  96.7282  -0.736239  69.0176  15.0768  
-32.1114  13.827  96.704  -0.736052  69.0556  15.0763  
-32.1114  13.8133  96.6798  -0.735866  69.0934  15.0758  
-32.1114  13.7997  96.6556  -0.735681  69.1312  15.0752  
-32.1114  13.7861  96.6315  -0.735497  69.1689  15.0747  
-32.1114  13.7726  96.6074  -0.735314  69.2065  15.0742  
-32.1114  13.7592  96.5833  -0.735131  69.2439  15.0737  
-32.1114  13.7458  96.5593  -0.73495  69.2813  15.0732  
-32.1114  13.7325  96.5353  -0.734769  69.3186  15.0727  
-32.1114  13.7193  96.5114  -0.734589  69.3558  15.0721  
-32.1114  13.7061  96.4875  -0.73441  69.3929  15.0716  
-32.1114  13.6929  96.4636  -0.734232  69.43  15.0711  
-32.1114  13.6799  96.4398  -0.734054  69.4669  15.0706  
-32.1114  13.6668  96.416  -0.733878  69.5037  15.0701  
-32.1114  13.6539  96.3922  -0.733702  69.5404  15.0696  
-32.1114  13.641  96.3685  -0.733527  69.577  15.0691  
-32.1114  13.6281  96.3448  -0.733353  69.6136  15.0686  
-32.1114  13.6153  96.3212  -0.73318  69.65  15.0681  
-32.1114  13.6026  96.2975  -0.733008  69.6864  15.0676  
-32.1114  13.5899  96.274  -0.732836  69.7226  15.0671  
-32.1114  13.5773  96.2505  -0.732666  69.7588  15.0666  
-32.1114  13.5647  96.227  -0.732496  69.7948  15.0662  
-32.1114  13.5522  96.2035  -0.732327  69.8308  15.0657  
-32.1114  13.5397  96.1801  -0.732159  69.8666  15.0652  
-32.1114  13.5273  96.1567  -0.731991  69.9024  15.0647  
-32.1114  13.515  96.1334  -0.731825  69.9381  15.0642  
-32.1114  13.5027  96.1101  -0.731659  69.9737  15.0637  
-32.1114  13.4904  96.0869  -0.731494  70.0091  15.0632  
-32.1114  13.4782  96.0637  -0.73133  70.0445  15.0628  
-32.1114  13.4661  96.0405  -0.731166  70.0798  15.0623  
-32.1114  13.454  96.0174  -0.731004  70.115  15.0618  
-32.1114  13.442  95.9943  -0.730842  70.1501  15.0613  
-32.1114  13.43  95.9713  -0.730681  70.1851  15.0608  
-32.1114  13.4181  95.9483  -0.730521  70.22  15.0604  
-32.1114  13.4063  95.9253  -0.730361  70.2549  15.0599  
-32.1114  13.3945  95.9024  -0.730202  70.2896  15.0594  
-32.1114  13.3827  95.8795  -0.730045  70.3242  15.059  
-32.1114  13.371  95.8567  -0.729887  70.3587  15.0585  
-32.1114  13.3594  95.8339  -0.729731  70.3932  15.058  
-32.1114  13.3478  95.8111  -0.729575  70.4275  15.0576  
-32.1114  13.3362  95.7884  -0.72942  70.4617  15.0571  
-32.1114  13.3247  95.7658  -0.729266  70.4959  15.0566  
-32.1114  13.3133  95.7432  -0.729113  70.5299  15.0562  
-32.1114  13.3019  95.7206  -0.72896  70.5639  15.0557  
-32.1114  13.2906  95.6981  -0.728809  70.5977  15.0553  
-32.1114  13.2793  95.6756  -0.728657  70.6315  15.0548  
-32.1114  13.2681  95.6531  -0.728507  70.6652  15.0544  
-32.1114  13.2569  95.6307  -0.728357  70.6987  15.0539  
-32.1114  13.2458  95.6084  -0.728209  70.7322  15.0535  
-32.1114  13.2347  95.5861  -0.72806  70.7656  15.053  
-32.1114  13.2237  95.5638  -0.727913  70.7989  15.0526  
-32.1114  13.2127  95.5416  -0.727766  70.8321  15.0521  
-32.1114  13.2018  95.5194  -0.72762  70.8652  15.0517  
-32.1114  13.1909  95.4973  -0.727475  70.8982  15.0512  
-32.1114  13.1801  95.4752  -0.72733  70.9311  15.0508  
-32.1114  13.1693  95.4531  -0.727187  70.9639  15.0503  
-32.1114  13.1586  95.4311  -0.727044  70.9966  15.0499  
-32.1114  13.1479  95.4092  -0.726901  71.0292  15.0495  
-32.1114  13.1373  95.3873  -0.726759  71.0617  15.049  
-32.1114  13.1268  95.3654  -0.726618  71.0942  15.0486  
-32.1114  13.1162  95.3436  -0.726478  71.1265  15.0482  
-32.1114  13.1058  95.3218  -0.726339  71.1587  15.0477  
-32.1114  13.0953  95.3001  -0.7262  71.1909  15.0473  
-32.1114  13.085  95.2785  -0.726061  71.2229  15.0469  
-32.1114  13.0746  95.2568  -0.725924  71.2549  15.0464  
-32.1114  13.0644  95.2353  -0.725787  71.2867  15.046  
-32.1114  13.0541  95.2137  -0.725651  71.3185  15.0456  
-32.1114  13.044  95.1922  -0.725516  71.3501  15.0452  
-32.1114  13.0338  95.1708  -0.725381  71.3817  15.0447  
-32.1114  13.0237  95.1494  -0.725247  71.4132  15.0443  
-32.1114  13.0137  95.1281  -0.725113  71.4445  15.0439  
-32.1114  13.0037  95.1068  -0.72498  71.4758  15.0435  
-32.1114  12.9938  95.0855  -0.724848  71.507  15.0431  
-32.1114  12.9839  95.0643  -0.724717  71.5381  15.0427  
-32.1114  12.974  95.0432  -0.724586  71.5691  15.0422  
-32.1114  12.9642  95.0221  -0.724456  71.6  15.0418  
-32.1114  12.9545  95.001  -0.724327  71.6308  15.0414  
-32.1114  12.9448  94.98  -0.724198  71.6615  15.041  
-32.1114  12.9351  94.9591  -0.72407  71.6921  15.0406  
-32.1114  12.9255  94.9382  -0.723942  71.7226  15.0402  
-32.1114  12.9159  94.9173  -0.723816  71.753  15.0398  
-32.1114  12.9064  94.8965  -0.723689  71.7834  15.0394  
-32.1114  12.8969  94.8758  -0.723564  71.8136  15.039  
-32.1114  12.8875  94.855  -0.723439  71.8437  15.0386  
-32.1114  12.8781  94.8344  -0.723315  71.8738  15.0382  
-32.1114  12.8688  94.8138  -0.723191  71.9037  15.0378  
-32.1114  12.8595  94.7932  -0.723068  71.9335  15.0374  
-32.1114  12.8503  94.7727  -0.722946  71.9633  15.037  
-32.1114  12.8411  94.7523  -0.722824  71.993  15.0366  
-32.1114  12.8319  94.7319  -0.722703  72.0225  15.0362  
-32.1114  12.8228  94.7115  -0.722582  72.052  15.0358  
-32.1114  12.8137  94.6912  -0.722462  72.0813  15.0354  
-32.1114  12.8047  94.671  -0.722343  72.1106  15.035  
-32.1114  12.7957  94.6508  -0.722225  72.1398  15.0347  
-32.1114  12.7868  94.6306  -0.722107  72.1689  15.0343  
-32.1114  12.7779  94.6105  -0.721989  72.1979  15.0339  
-32.1114  12.769  94.5905  -0.721872  72.2267  15.0335  
-32.1114  12.7602  94.5705  -0.721756  72.2555  15.0331  
-32.1114  12.7515  94.5505  -0.721641  72.2842  15.0328  
-32.1114  12.7428  94.5306  -0.721526  72.3128  15.0324  
-32.1114  12.7341  94.5108  -0.721411  72.3413  15.032  
-32.1114  12.7255  94.491  -0.721298  72.3698  15.0316  
-32.1114  12.7169  94.4713  -0.721184  72.3981  15.0312  
-32.1114  12.7083  94.4516  -0.721072  72.4263  15.0309  
-32.1114  12.6998  94.432  -0.72096  72.4544  15.0305  
-32.1114  12.6914  94.4124  -0.720848  72.4824  15.0301  
-32.1114  12.683  94.3929  -0.720737  72.5104  15.0298  
-32.1114  12.6746  94.3734  -0.720627  72.5382  15.0294  
-32.1114  12.6663  94.354  -0.720518  72.566  15.029  
-32.1114  12.658  94.3346  -0.720408  72.5936  15.0287  
-32.1114  12.6497  94.3153  -0.7203  72.6212  15.0283  
-32.1114  12.6415  94.2961  -0.720192  72.6486  15.0279  
-32.1114  12.6334  94.2769  -0.720085  72.676  15.0276  
-32.1114  12.6252  94.2577  -0.719978  72.7032  15.0272  
-32.1114  12.6172  94.2387  -0.719872  72.7304  15.0269  
-32.1114  12.6091  94.2196  -0.719766  72.7575  15.0265  
-32.1114  12.6011  94.2006  -0.719661  72.7845  15.0262  
-32.1114  12.5932  94.1817  -0.719556  72.8113  15.0258  
-32.1114  12.5853  94.1628  -0.719452  72.8381  15.0254  
-32.1114  12.5774  94.144  -0.719349  72.8648  15.0251  
-32.1114  12.5695  94.1253  -0.719246  72.8914  15.0247  
-32.1114  12.5618  94.1066  -0.719144  72.9179  15.0244  
-32.1114  12.554  94.0879  -0.719042  72.9443  15.0241  
-32.1114  12.5463  94.0693  -0.718941  72.9706  15.0237  
-32.1114  12.5386  94.0508  -0.71884  72.9968  15.0234  
-32.1114  12.531  94.0323  -0.71874  73.0229  15.023  
-32.1114  12.5234  94.0138  -0.718641  73.049  15.0227  
-32.1114  12.5158  93.9955  -0.718542  73.0749  15.0223  
-32.1114  12.5083  93.9772  -0.718443  73.1007  15.022  
-32.1114  12.5008  93.9589  -0.718345  73.1264  15.0217  
-32.1114  12.4934  93.9407  -0.718248  73.1521  15.0213  
-32.1114  12.486  93.9225  -0.718151  73.1776  15.021  
-32.1114  12.4787  93.9045  -0.718054  73.2031  15.0207  
-32.1114  12.4713  93.8864  -0.717959  73.2284  15.0203  
-32.1114  12.4641  93.8684  -0.717863  73.2537  15.02  
-32.1114  12.4568  93.8505  -0.717769  73.2788  15.0197  
-32.1114  12.4496  93.8327  -0.717674  73.3039  15.0193  
-32.1114  12.4425  93.8149  -0.717581  73.3289  15.019  
-32.1114  12.4353  93.7971  -0.717487  73.3537  15.0187  
-32.1114  12.4282  93.7794  -0.717395  73.3785  15.0184  
-32.1114  12.4212  93.7618  -0.717303  73.4032  15.018  
-32.1114  12.4142  93.7442  -0.717211  73.4278  15.0177  
-32.1114  12.4072  93.7267  -0.71712  73.4523  15.0174  
-32.1114  12.4003  93.7092  -0.717029  73.4767  15.0171  
-32.1114  12.3934  93.6918  -0.716939  73.501  15.0168  
-32.1114  12.3865  93.6745  -0.716849  73.5252  15.0165  
-32.1114  12.3797  93.6572  -0.71676  73.5493  15.0161  
-32.1114  12.3729  93.64  -0.716672  73.5733  15.0158  
-32.1114  12.3661  93.6228  -0.716583  73.5972  15.0155  
-32.1114  12.3594  93.6057  -0.716496  73.621  15.0152  
-32.1114  12.3528  93.5886  -0.716409  73.6447  15.0149  
-32.1114  12.3461  93.5717  -0.716322  73.6684  15.0146  
-32.1114  12.3395  93.5547  -0.716236  73.6919  15.0143  
-32.1114  12.333  93.5378  -0.71615  73.7153  15.014  
-32.1114  12.3264  93.521  -0.716065  73.7387  15.0137  
-32.1114  12.3199  93.5043  -0.71598  73.7619  15.0134  
-32.1114  12.3135  93.4876  -0.715896  73.7851  15.0131  
-32.1114  12.3071  93.471  -0.715813  73.8081  15.0128  
-32.1114  12.3007  93.4544  -0.715729  73.8311  15.0125  
-32.1114  12.2943  93.4379  -0.715647  73.854  15.0122  
-32.1114  12.288  93.4214  -0.715564  73.8767  15.0119  
-32.1114  12.2817  93.405  -0.715482  73.8994  15.0116  
-32.1114  12.2755  93.3887  -0.715401  73.922  15.0113  
-32.1114  12.2693  93.3724  -0.71532  73.9444  15.011  
-32.1114  12.2631  93.3562  -0.71524  73.9668  15.0107  
-32.1114  12.257  93.34  -0.71516  73.9891  15.0104  
-32.1114  12.2509  93.324  -0.715081  74.0113  15.0101  
-32.1114  12.2448  93.3079  -0.715002  74.0334  15.0098  
-32.1114  12.2388  93.2919  -0.714923  74.0554  15.0096  
-32.1114  12.2328  93.276  -0.714845  74.0773  15.0093  
-32.1114  12.2268  93.2602  -0.714768  74.0991  15.009  
-32.1114  12.2209  93.2444  -0.71469  74.1208  15.0087  
-32.1114  12.215  93.2287  -0.714614  74.1425  15.0084  
-32.1114  12.2091  93.213  -0.714538  74.164  15.0081  
-32.1114  12.2033  93.1974  -0.714462  74.1854  15.0079  
-32.1114  12.1975  93.1819  -0.714387  74.2067  15.0076  
-32.1114  12.1917  93.1664  -0.714312  74.228  15.0073  
-32.1114  12.186  93.151  -0.714237  74.2491  15.007  
-32.1114  12.1803  93.1356  -0.714163  74.2702  15.0068  
-32.1114  12.1747  93.1203  -0.71409  74.2911  15.0065  
-32.1114  12.169  93.1051  -0.714017  74.312  15.0062  
-32.1114  12.1635  93.0899  -0.713944  74.3327  15.006  
-32.1114  12.1579  93.0748  -0.713872  74.3534  15.0057  
-32.1114  12.1524  93.0598  -0.7138  74.3739  15.0054  
-32.1114  12.1469  93.0448  -0.713729  74.3944  15.0052  
-32.1114  12.1414  93.0299  -0.713658  74.4148  15.0049  
-32.1114  12.136  93.015  -0.713588  74.4351  15.0046  
-32.1114  12.1306  93.0002  -0.713518  74.4552  15.0044  
-32.1114  12.1252  92.9855  -0.713448  74.4753  15.0041  
-32.1114  12.1199  92.9708  -0.713379  74.4953  15.0039  
-32.1114  12.1146  92.9562  -0.713311  74.5152  15.0036  
-32.1114  12.1094  92.9417  -0.713242  74.535  15.0033  
-32.1114  12.1041  92.9272  -0.713175  74.5547  15.0031  
-32.1114  12.0989  92.9128  -0.713107  74.5743  15.0028  
-32.1114  12.0938  92.8985  -0.71304  74.5938  15.0026  
-32.1114  12.0886  92.8842  -0.712974  74.6133  15.0023  
-32.1114  12.0835  92.87  -0.712908  74.6326  15.0021  
-32.1114  12.0785  92.8558  -0.712842  74.6518  15.0018  
-32.1114  12.0734  92.8417  -0.712777  74.6709  15.0016  
-32.1114  12.0684  92.8277  -0.712712  74.69  15.0013  
-32.1114  12.0634  92.8137  -0.712647  74.7089  15.0011  
-32.1114  12.0585  92.7998  -0.712583  74.7277  15.0009  
-32.1114  12.0536  92.786  -0.71252  74.7465  15.0006  
-32.1114  12.0487  92.7722  -0.712456  74.7651  15.0004  
-32.1114  12.0438  92.7585  -0.712394  74.7837  15.0001  
-32.1114  12.039  92.7449  -0.712331  74.8021  14.9999  
-32.1114  12.0342  92.7313  -0.712269  74.8205  14.9997  
-32.1114  12.0295  92.7178  -0.712208  74.8388  14.9994  
-32.1114  12.0248  92.7043  -0.712147  74.8569  14.9992  
-32.1114  12.0201  92.691  -0.712086  74.875  14.999  
-32.1114  12.0154  92.6777  -0.712025  74.893  14.9987  
-32.1114  12.0108  92.6644  -0.711965  74.9109  14.9985  
-32.1114  12.0062  92.6512  -0.711906  74.9287  14.9983  
-32.1114  12.0016  92.6381  -0.711847  74.9464  14.998  
-32.1114  11.997  92.625  -0.711788  74.964  14.9978  
-32.1114  11.9925  92.6121  -0.71173  74.9815  14.9976  
-32.1114  11.988  92.5991  -0.711672  74.9989  14.9974  
-32.1114  11.9836  92.5863  -0.711614  75.0162  14.9971  
-32.1114  11.9792  92.5735  -0.711557  75.0334  14.9969  
-32.1114  11.9748  92.5608  -0.7115  75.0505  14.9967  
-32.1114  11.9704  92.5481  -0.711444  75.0675  14.9965  
-32.1114  11.9661  92.5355  -0.711388  75.0845  14.9963  
-32.1114  11.9618  92.523  -0.711332  75.1013  14.996  
-32.1114  11.9575  92.5105  -0.711277  75.118  14.9958  
-32.1114  11.9532  92.4981  -0.711222  75.1347  14.9956  
-32.1114  11.949  92.4858  -0.711167  75.1512  14.9954  
-32.1114  11.9448  92.4735  -0.711113  75.1677  14.9952  
-32.1114  11.9407  92.4613  -0.71106  75.184  14.995  
-32.1114  11.9365  92.4492  -0.711006  75.2003  14.9948  
-32.1114  11.9324  92.4372  -0.710953  75.2164  14.9946  
-32.1114  11.9284  92.4252  -0.710901  75.2325  14.9944  
-32.1114  11.9243  92.4132  -0.710849  75.2485  14.9942  
-32.1114  11.9203  92.4014  -0.710797  75.2643  14.994  
-32.1114  11.9163  92.3896  -0.710745  75.2801  14.9938  
-32.1114  11.9124  92.3779  -0.710694  75.2958  14.9936  
-32.1114  11.9084  92.3662  -0.710643  75.3114  14.9934  
-32.1114  11.9045  92.3546  -0.710593  75.3269  14.9932  
-32.1114  11.9007  92.3431  -0.710543  75.3423  14.993  
-32.1114  11.8968  92.3316  -0.710494  75.3576  14.9928  
-32.1114  11.893  92.3203  -0.710444  75.3728  14.9926  
-32.1114  11.8892  92.3089  -0.710396  75.3879  14.9924  
-32.1114  11.8854  92.2977  -0.710347  75.4029  14.9922  
-32.1114  11.8817  92.2865  -0.710299  75.4178  14.992  
-32.1114  11.878  92.2754  -0.710251  75.4326  14.9918  
-32.1114  11.8743  92.2644  -0.710204  75.4473  14.9916  
-32.1114  11.8707  92.2534  -0.710157  75.462  14.9914  
-32.1114  11.8671  92.2425  -0.71011  75.4765  14.9912  
-32.1114  11.8635  92.2316  -0.710064  75.4909  14.9911  
-32.1114  11.8599  92.2208  -0.710018  75.5053  14.9909  
-32.1114  11.8564  92.2101  -0.709972  75.5195  14.9907  
-32.1114  11.8528  92.1995  -0.709927  75.5337  14.9905  
-32.1114  11.8494  92.1889  -0.709882  75.5477  14.9903  
-32.1114  11.8459  92.1784  -0.709837  75.5617  14.9901  
-32.1114  11.8425  92.168  -0.709793  75.5755  14.99  
-32.1114  11.8391  92.1576  -0.709749  75.5893  14.9898  
-32.1114  11.8357  92.1474  -0.709706  75.603  14.9896  
-32.1114  11.8323  92.1371  -0.709663  75.6165  14.9894  
-32.1114  11.829  92.127  -0.70962  75.63  14.9893  
-32.1114  11.8257  92.1169  -0.709578  75.6434  14.9891  
-32.1114  11.8225  92.1069  -0.709535  75.6567  14.9889  
-32.1114  11.8192  92.0969  -0.709494  75.6699  14.9888  
-32.1114  11.816  92.087  -0.709452  75.6829  14.9886  
-32.1114  11.8128  92.0772  -0.709411  75.6959  14.9884  
-32.1114  11.8096  92.0675  -0.70937  75.7088  14.9883  
-32.1114  11.8065  92.0578  -0.70933  75.7217  14.9881  
-32.1114  11.8034  92.0482  -0.70929  75.7344  14.9879  
-32.1114  11.8003  92.0387  -0.70925  75.747  14.9878  
-32.1114  11.7973  92.0292  -0.709211  75.7595  14.9876  
-32.1114  11.7942  92.0198  -0.709172  75.7719  14.9875  
-32.1114  11.7912  92.0105  -0.709133  75.7842  14.9873  
-32.1114  11.7882  92.0013  -0.709095  75.7965  14.9871  
-32.1114  11.7853  91.9921  -0.709057  75.8086  14.987  
-32.1114  11.7824  91.983  -0.709019  75.8206  14.9868  
-32.1114  11.7795  91.9739  -0.708982  75.8326  14.9867  
-32.1114  11.7766  91.965  -0.708945  75.8444  14.9865  
-32.1114  11.7737  91.9561  -0.708908  75.8562  14.9864  
-32.1114  11.7709  91.9472  -0.708872  75.8678  14.9862  
-32.1114  11.7681  91.9385  -0.708836  75.8794  14.9861  
-32.1114  11.7653  91.9298  -0.7088  75.8909  14.9859  
-32.1114  11.7626  91.9212  -0.708765  75.9022  14.9858  
-32.1114  11.7599  91.9126  -0.70873  75.9135  14.9857  
-32.1114  11.7572  91.9041  -0.708695  75.9247  14.9855  
-32.1114  11.7545  91.8957  -0.708661  75.9358  14.9854  
-32.1114  11.7518  91.8874  -0.708627  75.9467  14.9852  
-32.1114  11.7492  91.8791  -0.708593  75.9576  14.9851  
-32.1114  11.7466  91.8709  -0.70856  75.9684  14.985  
-32.1114  11.7441  91.8628  -0.708527  75.9791  14.9848  
-32.1114  11.7415  91.8547  -0.708494  75.9897  14.9847  
-32.1114  11.739  91.8467  -0.708462  76.0002  14.9845  
-32.1114  11.7365  91.8388  -0.70843  76.0106  14.9844  
-32.1114  11.734  91.831  -0.708398  76.021  14.9843  
-32.1114  11.7316  91.8232  -0.708367  76.0312  14.9842  
-32.1114  11.7291  91.8155  -0.708335  76.0413  14.984  
-32.1114  11.7268  91.8079  -0.708305  76.0513  14.9839  
-32.1114  11.7244  91.8003  -0.708274  76.0612  14.9838  
-32.1114  11.722  91.7928  -0.708244  76.0711  14.9836  
-32.1114  11.7197  91.7854  -0.708214  76.0808  14.9835  
-32.1114  11.7174  91.7781  -0.708185  76.0905  14.9834  
-32.1114  11.7151  91.7708  -0.708155  76.1  14.9833  
-32.1114  11.7129  91.7636  -0.708127  76.1095  14.9832  
-32.1114  11.7107  91.7565  -0.708098  76.1188  14.983  
-32.1114  11.7085  91.7494  -0.70807  76.1281  14.9829  
-32.1114  11.7063  91.7424  -0.708042  76.1372  14.9828  
-32.1114  11.7041  91.7355  -0.708014  76.1463  14.9827  
-32.1114  11.702  91.7287  -0.707987  76.1553  14.9826  
-32.1114  11.6999  91.7219  -0.70796  76.1641  14.9825  
-32.1114  11.6978  91.7152  -0.707933  76.1729  14.9823  
-32.1114  11.6958  91.7086  -0.707907  76.1816  14.9822  
-32.1114  11.6937  91.702  -0.707881  76.1902  14.9821  
-32.1114  11.6917  91.6955  -0.707855  76.1987  14.982  
-32.1114  11.6897  91.6891  -0.707829  76.2071  14.9819  
-32.1114  11.6878  91.6828  -0.707804  76.2154  14.9818  
-32.1114  11.6858  91.6765  -0.707779  76.2236  14.9817  
-32.1114  11.6839  91.6703  -0.707755  76.2317  14.9816  
-32.1114  11.682  91.6642  -0.70773  76.2397  14.9815  
-32.1114  11.6802  91.6582  -0.707707  76.2476  14.9814  
-32.1114  11.6783  91.6522  -0.707683  76.2554  14.9813  
-32.1114  11.6765  91.6463  -0.70766  76.2632  14.9812  
-32.1114  11.6747  91.6404  -0.707637  76.2708  14.9811  
-32.1114  11.6729  91.6347  -0.707614  76.2783  14.981  
-32.1114  11.6712  91.629  -0.707591  76.2858  14.9809  
-32.1114  11.6695  91.6234  -0.707569  76.2931  14.9808  
-32.1114  11.6678  91.6178  -0.707547  76.3003  14.9807  
-32.1114  11.6661  91.6124  -0.707526  76.3075  14.9806  
-32.1114  11.6644  91.607  -0.707505  76.3145  14.9805  
-32.1114  11.6628  91.6016  -0.707484  76.3215  14.9805  
-32.1114  11.6612  91.5964  -0.707463  76.3284  14.9804  
-32.1114  11.6596  91.5912  -0.707443  76.3351  14.9803  
-32.1114  11.6581  91.5861  -0.707423  76.3418  14.9802  
-32.1114  11.6565  91.5811  -0.707403  76.3484  14.9801  
-32.1114  11.655  91.5761  -0.707384  76.3548  14.98  
-32.1114  11.6535  91.5712  -0.707365  76.3612  14.98  
-32.1114  11.652  91.5664  -0.707346  76.3675  14.9799  
-32.1114  11.6506  91.5616  -0.707327  76.3737  14.9798  
-32.1114  11.6492  91.557  -0.707309  76.3798  14.9797  
-32.1114  11.6478  91.5524  -0.707291  76.3858  14.9796  
-32.1114  11.6464  91.5478  -0.707274  76.3917  14.9796  
-32.1114  11.6451  91.5434  -0.707256  76.3975  14.9795  
-32.1114  11.6437  91.539  -0.707239  76.4032  14.9794  
-32.1114  11.6424  91.5347  -0.707222  76.4088  14.9793  
-32.1114  11.6411  91.5305  -0.707206  76.4143  14.9793  
-32.1114  11.6399  91.5263  -0.70719  76.4198  14.9792  
-32.1114  11.6386  91.5222  -0.707174  76.4251  14.9791  
-32.1114  11.6374  91.5182  -0.707158  76.4303  14.9791  
-32.1114  11.6362  91.5143  -0.707143  76.4354  14.979  
-32.1114  11.6351  91.5104  -0.707128  76.4405  14.9789  
-32.1114  11.6339  91.5066  -0.707113  76.4454  14.9789  
-32.1114  11.6328  91.5029  -0.707099  76.4503  14.9788  
-32.1114  11.6317  91.4992  -0.707085  76.455  14.9788  
-32.1114  11.6306  91.4957  -0.707071  76.4597  14.9787  
-32.1114  11.6295  91.4922  -0.707057  76.4642  14.9786  
-32.1114  11.6285  91.4887  -0.707044  76.4687  14.9786  
-32.1114  11.6275  91.4854  -0.707031  76.4731  14.9785  
-32.1114  11.6265  91.4821  -0.707018  76.4773  14.9785  
-32.1114  11.6255  91.4789  -0.707006  76.4815  14.9784  
-32.1114  11.6246  91.4758  -0.706994  76.4856  14.9784  
-32.1114  11.6237  91.4727  -0.706982  76.4896  14.9783  
-32.1114  11.6228  91.4697  -0.706971  76.4934  14.9783  
-32.1114  11.6219  91.4668  -0.706959  76.4972  14.9782  
-32.1114  11.6211  91.4641  -0.706949  76.5007  14.9782  
