343.866  293.623  540.685  
343.866  293.623  540.685  
343.866  293.622  540.685  
343.866  293.621  540.685  
343.866  293.619  540.685  
343.866  293.617  540.685  
343.866  293.615  540.685  
343.867  293.612  540.685  
343.867  293.609  540.685  
343.867  293.605  540.685  
343.867  293.6  540.684  
343.867  293.596  540.684  
343.868  293.591  540.684  
343.868  293.585  540.684  
343.868  293.579  540.684  
343.869  293.572  540.684  
343.869  293.565  540.684  
343.87  293.558  540.684  
343.87  293.55  540.683  
343.87  293.542  540.683  
343.871  293.533  540.683  
343.871  293.524  540.683  
343.872  293.514  540.683  
343.872  293.504  540.682  
343.873  293.493  540.682  
343.874  293.482  540.682  
343.874  293.471  540.682  
343.875  293.459  540.681  
343.876  293.446  540.681  
343.876  293.433  540.681  
343.877  293.42  540.68  
343.878  293.406  540.68  
343.879  293.392  540.68  
343.879  293.378  540.679  
343.88  293.362  540.679  
343.881  293.347  540.679  
343.882  293.331  540.678  
343.883  293.314  540.678  
343.884  293.297  540.678  
343.885  293.28  540.677  
343.886  293.262  540.677  
343.887  293.244  540.676  
343.888  293.225  540.676  
343.889  293.206  540.676  
343.89  293.187  540.675  
343.891  293.167  540.675  
343.892  293.146  540.674  
343.893  293.125  540.674  
343.894  293.104  540.673  
343.895  293.082  540.673  
343.897  293.059  540.672  
343.898  293.037  540.672  
343.899  293.013  540.671  
343.901  292.99  540.671  
343.902  292.966  540.67  
343.903  292.941  540.67  
343.905  292.916  540.669  
343.906  292.891  540.668  
343.907  292.865  540.668  
343.909  292.838  540.667  
343.91  292.811  540.667  
343.912  292.784  540.666  
343.913  292.756  540.665  
343.915  292.728  540.665  
343.916  292.7  540.664  
343.918  292.671  540.663  
343.92  292.641  540.663  
343.921  292.611  540.662  
343.923  292.581  540.661  
343.924  292.55  540.661  
343.926  292.518  540.66  
343.928  292.487  540.659  
343.93  292.454  540.659  
343.931  292.422  540.658  
343.933  292.389  540.657  
343.935  292.355  540.656  
343.937  292.321  540.656  
343.939  292.286  540.655  
343.941  292.251  540.654  
343.943  292.216  540.653  
343.945  292.18  540.652  
343.947  292.144  540.652  
343.949  292.107  540.651  
343.951  292.07  540.65  
343.953  292.032  540.649  
343.955  291.994  540.648  
343.957  291.956  540.647  
343.959  291.917  540.646  
343.961  291.877  540.646  
343.963  291.837  540.645  
343.966  291.797  540.644  
343.968  291.756  540.643  
343.97  291.715  540.642  
343.972  291.673  540.641  
343.975  291.631  540.64  
343.977  291.588  540.639  
343.979  291.545  540.638  
343.982  291.502  540.637  
343.984  291.458  540.636  
343.986  291.414  540.635  
343.989  291.369  540.634  
343.991  291.323  540.633  
343.994  291.278  540.632  
343.996  291.231  540.631  
343.999  291.185  540.63  
344.001  291.138  540.629  
344.004  291.09  540.628  
344.007  291.042  540.627  
344.009  290.994  540.626  
344.012  290.945  540.624  
344.015  290.895  540.623  
344.017  290.845  540.622  
344.02  290.795  540.621  
344.023  290.744  540.62  
344.026  290.693  540.619  
344.028  290.642  540.618  
344.031  290.59  540.616  
344.034  290.537  540.615  
344.037  290.484  540.614  
344.04  290.431  540.613  
344.043  290.377  540.612  
344.046  290.322  540.61  
344.049  290.268  540.609  
344.052  290.212  540.608  
344.055  290.157  540.607  
344.058  290.101  540.605  
344.061  290.044  540.604  
344.064  289.987  540.603  
344.067  289.93  540.601  
344.07  289.872  540.6  
344.074  289.813  540.599  
344.077  289.754  540.597  
344.08  289.695  540.596  
344.083  289.635  540.595  
344.087  289.575  540.593  
344.09  289.515  540.592  
344.093  289.453  540.591  
344.097  289.392  540.589  
344.1  289.33  540.588  
344.103  289.267  540.586  
344.107  289.205  540.585  
344.11  289.141  540.584  
344.114  289.077  540.582  
344.117  289.013  540.581  
344.121  288.948  540.579  
344.124  288.883  540.578  
344.128  288.818  540.576  
344.131  288.752  540.575  
344.135  288.685  540.573  
344.139  288.618  540.572  
344.142  288.551  540.57  
344.146  288.483  540.569  
344.15  288.415  540.567  
344.154  288.346  540.566  
344.157  288.277  540.564  
344.161  288.207  540.562  
344.165  288.137  540.561  
344.169  288.066  540.559  
344.173  287.995  540.558  
344.177  287.924  540.556  
344.181  287.852  540.554  
344.184  287.78  540.553  
344.188  287.707  540.551  
344.192  287.634  540.55  
344.196  287.56  540.548  
344.2  287.486  540.546  
344.205  287.411  540.544  
344.209  287.336  540.543  
344.213  287.26  540.541  
344.217  287.185  540.539  
344.221  287.108  540.538  
344.225  287.031  540.536  
344.229  286.954  540.534  
344.234  286.876  540.532  
344.238  286.798  540.531  
344.242  286.719  540.529  
344.247  286.64  540.527  
344.251  286.561  540.525  
344.255  286.48  540.523  
344.26  286.4  540.522  
344.264  286.319  540.52  
344.269  286.238  540.518  
344.273  286.156  540.516  
344.277  286.074  540.514  
344.282  285.991  540.512  
344.287  285.908  540.51  
344.291  285.824  540.509  
344.296  285.74  540.507  
344.3  285.655  540.505  
344.305  285.57  540.503  
344.31  285.485  540.501  
344.314  285.399  540.499  
344.319  285.313  540.497  
344.324  285.226  540.495  
344.328  285.139  540.493  
344.333  285.051  540.491  
344.338  284.963  540.489  
344.343  284.874  540.487  
344.348  284.785  540.485  
344.353  284.696  540.483  
344.357  284.606  540.481  
344.362  284.515  540.479  
344.367  284.425  540.477  
344.372  284.333  540.475  
344.377  284.242  540.473  
344.382  284.149  540.471  
344.387  284.057  540.469  
344.392  283.964  540.466  
344.398  283.87  540.464  
344.403  283.776  540.462  
344.408  283.682  540.46  
344.413  283.587  540.458  
344.418  283.491  540.456  
344.423  283.395  540.454  
344.429  283.299  540.451  
344.434  283.203  540.449  
344.439  283.105  540.447  
344.445  283.008  540.445  
344.45  282.91  540.443  
344.455  282.811  540.44  
344.461  282.712  540.438  
344.466  282.613  540.436  
344.472  282.513  540.434  
344.477  282.413  540.431  
344.482  282.312  540.429  
344.488  282.211  540.427  
344.494  282.109  540.425  
344.499  282.007  540.422  
344.505  281.904  540.42  
344.51  281.801  540.418  
344.516  281.698  540.415  
344.522  281.594  540.413  
344.527  281.489  540.411  
344.533  281.385  540.408  
344.539  281.279  540.406  
344.545  281.174  540.403  
344.55  281.067  540.401  
344.556  280.961  540.399  
344.562  280.854  540.396  
344.568  280.746  540.394  
344.574  280.638  540.391  
344.58  280.53  540.389  
344.586  280.421  540.386  
344.591  280.312  540.384  
344.597  280.202  540.381  
344.603  280.092  540.379  
344.61  279.981  540.376  
344.616  279.87  540.374  
344.622  279.758  540.371  
344.628  279.646  540.369  
344.634  279.534  540.366  
344.64  279.421  540.364  
344.646  279.307  540.361  
344.652  279.193  540.359  
344.659  279.079  540.356  
344.665  278.964  540.353  
344.671  278.849  540.351  
344.678  278.734  540.348  
344.684  278.617  540.346  
344.69  278.501  540.343  
344.697  278.384  540.34  
344.703  278.267  540.338  
344.709  278.149  540.335  
344.716  278.03  540.332  
344.722  277.911  540.33  
344.729  277.792  540.327  
344.735  277.672  540.324  
344.742  277.552  540.321  
344.748  277.432  540.319  
344.755  277.311  540.316  
344.762  277.189  540.313  
344.768  277.067  540.31  
344.775  276.945  540.308  
344.782  276.822  540.305  
344.788  276.699  540.302  
344.795  276.575  540.299  
344.802  276.451  540.297  
344.809  276.326  540.294  
344.816  276.201  540.291  
344.822  276.075  540.288  
344.829  275.949  540.285  
344.836  275.823  540.282  
344.843  275.696  540.279  
344.85  275.569  540.277  
344.857  275.441  540.274  
344.864  275.312  540.271  
344.871  275.184  540.268  
344.878  275.055  540.265  
344.885  274.925  540.262  
344.892  274.795  540.259  
344.899  274.664  540.256  
344.906  274.533  540.253  
344.914  274.402  540.25  
344.921  274.27  540.247  
344.928  274.138  540.244  
344.935  274.005  540.241  
344.942  273.872  540.238  
344.95  273.738  540.235  
344.957  273.604  540.232  
344.964  273.469  540.229  
344.972  273.334  540.226  
344.979  273.199  540.223  
344.987  273.063  540.22  
344.994  272.927  540.217  
345.001  272.79  540.214  
345.009  272.652  540.211  
345.016  272.515  540.207  
345.024  272.376  540.204  
345.032  272.238  540.201  
345.039  272.099  540.198  
345.047  271.959  540.195  
345.054  271.819  540.192  
345.062  271.679  540.189  
345.07  271.538  540.185  
345.077  271.397  540.182  
345.085  271.255  540.179  
345.093  271.112  540.176  
345.101  270.97  540.173  
345.108  270.827  540.169  
345.116  270.683  540.166  
345.124  270.539  540.163  
345.132  270.395  540.16  
345.14  270.25  540.156  
345.148  270.104  540.153  
345.156  269.958  540.15  
345.164  269.812  540.146  
345.172  269.665  540.143  
345.18  269.518  540.14  
345.188  269.37  540.136  
345.196  269.222  540.133  
345.204  269.074  540.13  
345.212  268.925  540.126  
345.22  268.775  540.123  
345.228  268.625  540.12  
345.237  268.475  540.116  
345.245  268.324  540.113  
345.253  268.173  540.109  
345.261  268.021  540.106  
345.27  267.869  540.102  
345.278  267.716  540.099  
345.286  267.563  540.095  
345.295  267.41  540.092  
345.303  267.256  540.089  
345.311  267.101  540.085  
345.32  266.947  540.082  
345.328  266.791  540.078  
345.337  266.635  540.075  
345.345  266.479  540.071  
345.354  266.323  540.067  
345.362  266.165  540.064  
345.371  266.008  540.06  
345.38  265.85  540.057  
345.388  265.691  540.053  
345.397  265.532  540.05  
345.406  265.373  540.046  
345.414  265.213  540.042  
345.423  265.053  540.039  
345.432  264.892  540.035  
345.441  264.731  540.031  
345.449  264.569  540.028  
345.458  264.407  540.024  
345.467  264.245  540.02  
345.476  264.082  540.017  
345.485  263.918  540.013  
345.494  263.754  540.009  
345.503  263.59  540.006  
345.512  263.425  540.002  
345.521  263.26  539.998  
345.53  263.094  539.994  
345.539  262.928  539.991  
345.548  262.762  539.987  
345.557  262.595  539.983  
345.566  262.427  539.979  
345.575  262.259  539.976  
345.585  262.091  539.972  
345.594  261.922  539.968  
345.603  261.753  539.964  
345.612  261.583  539.96  
345.622  261.413  539.956  
345.631  261.242  539.952  
345.64  261.071  539.949  
345.649  260.899  539.945  
345.659  260.727  539.941  
345.668  260.555  539.937  
345.678  260.382  539.933  
345.687  260.209  539.929  
345.697  260.035  539.925  
345.706  259.861  539.921  
345.716  259.686  539.917  
345.725  259.511  539.913  
345.735  259.335  539.909  
345.744  259.159  539.905  
345.754  258.983  539.901  
345.764  258.806  539.897  
345.773  258.628  539.893  
345.783  258.45  539.889  
345.793  258.272  539.885  
345.802  258.093  539.881  
345.812  257.914  539.877  
345.822  257.734  539.873  
345.832  257.554  539.869  
345.842  257.374  539.865  
345.852  257.193  539.861  
345.861  257.011  539.857  
345.871  256.829  539.853  
345.881  256.647  539.849  
345.891  256.464  539.844  
345.901  256.281  539.84  
345.911  256.097  539.836  
345.921  255.913  539.832  
345.931  255.728  539.828  
345.941  255.543  539.824  
345.952  255.358  539.819  
345.962  255.172  539.815  
345.972  254.985  539.811  
345.982  254.798  539.807  
345.992  254.611  539.802  
346.002  254.423  539.798  
346.013  254.235  539.794  
346.023  254.046  539.79  
346.033  253.857  539.785  
346.044  253.668  539.781  
346.054  253.478  539.777  
346.064  253.287  539.773  
346.075  253.096  539.768  
346.085  252.905  539.764  
346.096  252.713  539.76  
346.106  252.521  539.755  
346.117  252.328  539.751  
346.127  252.135  539.746  
346.138  251.941  539.742  
346.148  251.747  539.738  
346.159  251.552  539.733  
346.17  251.357  539.729  
346.18  251.162  539.724  
346.191  250.966  539.72  
346.202  250.77  539.716  
346.212  250.573  539.711  
346.223  250.376  539.707  
346.234  250.178  539.702  
346.245  249.98  539.698  
346.255  249.781  539.693  
346.266  249.582  539.689  
346.277  249.383  539.684  
346.288  249.183  539.68  
346.299  248.982  539.675  
346.31  248.781  539.671  
346.321  248.58  539.666  
346.332  248.378  539.661  
346.343  248.176  539.657  
346.354  247.973  539.652  
346.365  247.77  539.648  
346.376  247.567  539.643  
346.387  247.363  539.639  
346.398  247.158  539.634  
346.41  246.953  539.629  
346.421  246.748  539.625  
346.432  246.542  539.62  
346.443  246.336  539.615  
346.454  246.129  539.611  
346.466  245.922  539.606  
346.477  245.714  539.601  
346.488  245.506  539.597  
346.5  245.298  539.592  
346.511  245.089  539.587  
346.523  244.879  539.582  
346.534  244.67  539.578  
346.546  244.459  539.573  
346.557  244.248  539.568  
346.569  244.037  539.563  
346.58  243.826  539.559  
346.592  243.613  539.554  
346.603  243.401  539.549  
346.615  243.188  539.544  
346.626  242.974  539.539  
346.638  242.76  539.534  
346.65  242.546  539.53  
346.661  242.331  539.525  
346.673  242.116  539.52  
346.685  241.9  539.515  
346.697  241.684  539.51  
346.709  241.467  539.505  
346.72  241.25  539.5  
346.732  241.033  539.495  
346.744  240.815  539.49  
346.756  240.596  539.485  
346.768  240.377  539.481  
346.78  240.158  539.476  
346.792  239.938  539.471  
346.804  239.718  539.466  
346.816  239.497  539.461  
346.828  239.276  539.456  
346.84  239.055  539.451  
346.852  238.833  539.446  
346.864  238.61  539.441  
346.876  238.387  539.435  
346.889  238.164  539.43  
346.901  237.94  539.425  
346.913  237.716  539.42  
346.925  237.491  539.415  
346.938  237.266  539.41  
346.95  237.04  539.405  
346.962  236.814  539.4  
346.975  236.587  539.395  
346.987  236.36  539.39  
346.999  236.133  539.384  
347.012  235.905  539.379  
347.024  235.677  539.374  
347.037  235.448  539.369  
347.049  235.218  539.364  
347.062  234.989  539.359  
347.074  234.759  539.353  
347.087  234.528  539.348  
347.099  234.297  539.343  
347.112  234.065  539.338  
347.125  233.833  539.332  
347.137  233.601  539.327  
347.15  233.368  539.322  
347.163  233.135  539.317  
347.175  232.901  539.311  
347.188  232.667  539.306  
347.201  232.432  539.301  
347.214  232.197  539.295  
347.227  231.961  539.29  
347.24  231.725  539.285  
347.252  231.489  539.279  
347.265  231.252  539.274  
347.278  231.015  539.269  
347.291  230.777  539.263  
347.304  230.539  539.258  
347.317  230.3  539.253  
347.33  230.061  539.247  
347.343  229.821  539.242  
347.356  229.581  539.236  
347.37  229.34  539.231  
347.383  229.099  539.225  
347.396  228.858  539.22  
347.409  228.616  539.214  
347.422  228.374  539.209  
347.435  228.131  539.203  
347.449  227.888  539.198  
347.462  227.644  539.192  
347.475  227.4  539.187  
347.489  227.155  539.181  
347.502  226.91  539.176  
347.515  226.665  539.17  
347.529  226.419  539.165  
347.542  226.172  539.159  
347.556  225.926  539.154  
347.569  225.678  539.148  
347.583  225.431  539.142  
347.596  225.182  539.137  
347.61  224.934  539.131  
347.623  224.685  539.126  
347.637  224.435  539.12  
347.651  224.185  539.114  
347.664  223.935  539.109  
347.678  223.684  539.103  
347.692  223.432  539.097  
347.705  223.181  539.091  
347.719  222.928  539.086  
347.733  222.676  539.08  
347.747  222.422  539.074  
347.76  222.169  539.069  
347.774  221.915  539.063  
347.788  221.66  539.057  
347.802  221.405  539.051  
347.816  221.15  539.046  
347.83  220.894  539.04  
347.844  220.638  539.034  
347.858  220.381  539.028  
347.872  220.124  539.022  
347.886  219.866  539.017  
347.9  219.608  539.011  
347.914  219.349  539.005  
347.928  219.09  538.999  
347.942  218.831  538.993  
347.956  218.571  538.987  
347.971  218.311  538.981  
347.985  218.05  538.975  
347.999  217.788  538.97  
348.013  217.527  538.964  
348.028  217.265  538.958  
348.042  217.002  538.952  
348.056  216.739  538.946  
348.071  216.475  538.94  
348.085  216.211  538.934  
348.099  215.947  538.928  
348.114  215.682  538.922  
348.128  215.417  538.916  
348.143  215.151  538.91  
348.157  214.885  538.904  
348.172  214.618  538.898  
348.186  214.351  538.892  
348.201  214.083  538.886  
348.216  213.815  538.88  
348.23  213.547  538.874  
348.245  213.278  538.867  
348.26  213.008  538.861  
348.274  212.739  538.855  
348.289  212.468  538.849  
348.304  212.198  538.843  
348.319  211.926  538.837  
348.333  211.655  538.831  
348.348  211.383  538.825  
348.363  211.11  538.818  
348.378  210.837  538.812  
348.393  210.564  538.806  
348.408  210.29  538.8  
348.423  210.015  538.794  
348.438  209.741  538.787  
348.453  209.465  538.781  
348.468  209.19  538.775  
348.483  208.914  538.769  
348.498  208.637  538.762  
348.513  208.36  538.756  
348.528  208.082  538.75  
348.543  207.804  538.744  
348.558  207.526  538.737  
348.574  207.247  538.731  
348.589  206.968  538.725  
348.604  206.688  538.718  
348.619  206.408  538.712  
348.635  206.127  538.706  
348.65  205.846  538.699  
348.665  205.565  538.693  
348.681  205.283  538.687  
348.696  205  538.68  
348.712  204.717  538.674  
348.727  204.434  538.667  
348.742  204.15  538.661  
348.758  203.866  538.655  
348.773  203.581  538.648  
348.789  203.296  538.642  
348.805  203.01  538.635  
348.82  202.724  538.629  
348.836  202.438  538.622  
348.851  202.151  538.616  
348.867  201.863  538.609  
348.883  201.575  538.603  
348.898  201.287  538.596  
348.914  200.998  538.59  
348.93  200.709  538.583  
348.946  200.419  538.577  
348.962  200.129  538.57  
348.977  199.839  538.563  
348.993  199.548  538.557  
349.009  199.256  538.55  
349.025  198.964  538.544  
349.041  198.672  538.537  
349.057  198.379  538.53  
349.073  198.086  538.524  
349.089  197.792  538.517  
349.105  197.498  538.511  
349.121  197.203  538.504  
349.137  196.908  538.497  
349.153  196.612  538.49  
349.169  196.317  538.484  
349.186  196.02  538.477  
349.202  195.723  538.47  
349.218  195.426  538.464  
349.234  195.128  538.457  
349.25  194.83  538.45  
349.267  194.531  538.443  
349.283  194.232  538.437  
349.299  193.932  538.43  
349.316  193.632  538.423  
349.332  193.332  538.416  
349.348  193.031  538.409  
349.365  192.729  538.403  
349.381  192.428  538.396  
349.398  192.125  538.389  
349.414  191.823  538.382  
349.431  191.519  538.375  
349.447  191.216  538.368  
349.464  190.912  538.362  
349.481  190.607  538.355  
349.497  190.302  538.348  
349.514  189.997  538.341  
349.531  189.691  538.334  
349.547  189.384  538.327  
349.564  189.078  538.32  
349.581  188.77  538.313  
349.597  188.463  538.306  
349.614  188.154  538.299  
349.631  187.846  538.292  
349.648  187.537  538.285  
349.665  187.227  538.278  
349.682  186.917  538.271  
349.699  186.607  538.264  
349.716  186.296  538.257  
349.732  185.985  538.25  
349.749  185.673  538.243  
349.767  185.361  538.236  
349.784  185.048  538.229  
349.801  184.735  538.222  
349.818  184.421  538.215  
349.835  184.107  538.208  
349.852  183.793  538.2  
349.869  183.478  538.193  
349.886  183.162  538.186  
349.904  182.847  538.179  
349.921  182.53  538.172  
349.938  182.214  538.165  
349.955  181.896  538.158  
349.973  181.579  538.15  
349.99  181.261  538.143  
350.007  180.942  538.136  
350.025  180.623  538.129  
350.042  180.304  538.122  
350.06  179.984  538.114  
350.077  179.664  538.107  
350.094  179.343  538.1  
350.112  179.022  538.093  
350.13  178.7  538.085  
350.147  178.378  538.078  
350.165  178.055  538.071  
350.182  177.732  538.063  
350.2  177.409  538.056  
350.218  177.085  538.049  
350.235  176.76  538.041  
350.253  176.435  538.034  
350.271  176.11  538.027  
350.288  175.784  538.019  
350.306  175.458  538.012  
350.324  175.132  538.005  
350.342  174.804  537.997  
350.36  174.477  537.99  
350.378  174.149  537.982  
350.395  173.82  537.975  
350.413  173.492  537.967  
350.431  173.162  537.96  
350.449  172.832  537.953  
350.467  172.502  537.945  
350.485  172.171  537.938  
350.503  171.84  537.93  
350.521  171.509  537.923  
350.54  171.177  537.915  
350.558  170.844  537.908  
350.576  170.511  537.9  
350.594  170.178  537.892  
350.612  169.844  537.885  
350.63  169.51  537.877  
350.649  169.175  537.87  
350.667  168.84  537.862  
350.685  168.504  537.855  
350.704  168.168  537.847  
350.722  167.831  537.839  
350.74  167.494  537.832  
350.759  167.157  537.824  
350.777  166.819  537.817  
350.796  166.48  537.809  
350.814  166.142  537.801  
350.832  165.802  537.794  
350.851  165.463  537.786  
350.87  165.122  537.778  
350.888  164.782  537.77  
350.907  164.441  537.763  
350.925  164.099  537.755  
350.944  163.757  537.747  
350.963  163.415  537.74  
350.981  163.072  537.732  
351  162.729  537.724  
351.019  162.385  537.716  
351.037  162.041  537.708  
351.056  161.696  537.701  
351.075  161.351  537.693  
351.094  161.005  537.685  
351.113  160.659  537.677  
351.132  160.313  537.669  
351.151  159.966  537.661  
351.17  159.618  537.654  
351.188  159.271  537.646  
351.207  158.922  537.638  
351.226  158.573  537.63  
351.245  158.224  537.622  
351.265  157.875  537.614  
351.284  157.525  537.606  
351.303  157.174  537.598  
351.322  156.823  537.59  
351.341  156.472  537.582  
351.36  156.12  537.574  
351.379  155.767  537.567  
351.399  155.415  537.559  
351.418  155.061  537.551  
351.437  154.708  537.543  
351.456  154.353  537.535  
351.476  153.999  537.526  
351.495  153.644  537.518  
351.515  153.288  537.51  
351.534  152.932  537.502  
351.553  152.576  537.494  
351.573  152.219  537.486  
351.592  151.862  537.478  
351.612  151.504  537.47  
351.631  151.146  537.462  
351.651  150.787  537.454  
351.67  150.428  537.446  
351.69  150.068  537.438  
351.71  149.708  537.429  
351.729  149.348  537.421  
351.749  148.987  537.413  
351.769  148.626  537.405  
351.788  148.264  537.397  
351.808  147.902  537.389  
351.828  147.539  537.38  
351.848  147.176  537.372  
351.867  146.812  537.364  
351.887  146.448  537.356  
351.907  146.084  537.347  
351.927  145.719  537.339  
351.947  145.353  537.331  
351.967  144.987  537.323  
351.987  144.621  537.314  
352.007  144.254  537.306  
352.027  143.887  537.298  
352.047  143.519  537.289  
352.067  143.151  537.281  
352.087  142.783  537.273  
352.107  142.414  537.264  
352.127  142.044  537.256  
352.148  141.674  537.248  
352.168  141.304  537.239  
352.188  140.933  537.231  
352.208  140.562  537.223  
352.228  140.19  537.214  
352.249  139.818  537.206  
352.269  139.445  537.197  
352.289  139.072  537.189  
352.31  138.698  537.18  
352.33  138.324  537.172  
352.35  137.95  537.163  
352.371  137.575  537.155  
352.391  137.2  537.146  
352.412  136.824  537.138  
352.432  136.448  537.129  
352.453  136.071  537.121  
352.473  135.694  537.112  
352.494  135.316  537.104  
352.515  134.938  537.095  
352.535  134.56  537.087  
352.556  134.181  537.078  
352.577  133.801  537.07  
352.597  133.422  537.061  
352.618  133.041  537.052  
352.639  132.661  537.044  
352.66  132.279  537.035  
352.68  131.898  537.027  
352.701  131.516  537.018  
352.722  131.133  537.009  
352.743  130.75  537.001  
352.764  130.367  536.992  
352.785  129.983  536.983  
352.806  129.598  536.975  
352.827  129.214  536.966  
352.848  128.828  536.957  
352.869  128.443  536.948  
352.89  128.056  536.94  
352.911  127.67  536.931  
352.932  127.283  536.922  
352.953  126.895  536.913  
352.974  126.507  536.905  
352.995  126.119  536.896  
353.016  125.73  536.887  
353.038  125.341  536.878  
353.059  124.951  536.869  
353.08  124.561  536.861  
353.102  124.17  536.852  
353.123  123.779  536.843  
353.144  123.387  536.834  
353.166  122.995  536.825  
353.187  122.603  536.816  
353.208  122.21  536.807  
353.23  121.817  536.798  
353.251  121.423  536.79  
353.273  121.028  536.781  
353.294  120.634  536.772  
353.316  120.239  536.763  
353.337  119.843  536.754  
353.359  119.447  536.745  
353.381  119.05  536.736  
353.402  118.653  536.727  
353.424  118.256  536.718  
353.446  117.858  536.709  
353.467  117.46  536.7  
353.489  117.061  536.691  
353.511  116.662  536.682  
353.533  116.262  536.673  
353.554  115.862  536.664  
353.576  115.461  536.655  
353.598  115.06  536.646  
353.62  114.659  536.637  
353.642  114.257  536.627  
353.664  113.854  536.618  
353.686  113.451  536.609  
353.708  113.048  536.6  
353.73  112.644  536.591  
353.752  112.24  536.582  
353.774  111.836  536.573  
353.796  111.431  536.564  
353.818  111.025  536.554  
353.84  110.619  536.545  
353.862  110.213  536.536  
353.884  109.806  536.527  
353.907  109.398  536.518  
353.929  108.99  536.508  
353.951  108.582  536.499  
353.973  108.174  536.49  
353.996  107.764  536.481  
354.018  107.355  536.471  
354.04  106.945  536.462  
354.063  106.534  536.453  
354.085  106.123  536.443  
354.108  105.712  536.434  
354.13  105.3  536.425  
354.152  104.888  536.416  
354.175  104.475  536.406  
354.197  104.062  536.397  
354.22  103.648  536.387  
354.243  103.234  536.378  
354.265  102.819  536.369  
354.288  102.404  536.359  
354.31  101.989  536.35  
354.333  101.573  536.341  
354.356  101.157  536.331  
354.379  100.74  536.322  
354.401  100.322  536.312  
354.424  99.9047  536.303  
354.447  99.4866  536.293  
354.47  99.068  536.284  
354.492  98.6489  536.274  
354.515  98.2294  536.265  
354.538  97.8094  536.255  
354.561  97.389  536.246  
354.584  96.9681  536.236  
354.607  96.5467  536.227  
354.63  96.125  536.217  
354.653  95.7027  536.208  
354.676  95.2801  536.198  
354.699  94.8569  536.189  
354.722  94.4333  536.179  
354.745  94.0093  536.169  
354.768  93.5848  536.16  
354.792  93.1599  536.15  
354.815  92.7345  536.141  
354.838  92.3087  536.131  
354.861  91.8824  536.121  
354.885  91.4556  536.112  
354.908  91.0285  536.102  
354.931  90.6008  536.092  
354.954  90.1727  536.083  
354.978  89.7442  536.073  
355.001  89.3152  536.063  
355.025  88.8857  536.054  
355.048  88.4558  536.044  
355.071  88.0255  536.034  
355.095  87.5947  536.024  
355.118  87.1635  536.015  
355.142  86.7318  536.005  
355.166  86.2996  535.995  
355.189  85.867  535.985  
355.213  85.434  535.975  
355.236  85.0005  535.966  
355.26  84.5665  535.956  
355.284  84.1321  535.946  
355.307  83.6973  535.936  
355.331  83.2619  535.926  
355.355  82.8262  535.916  
355.379  82.39  535.907  
355.402  81.9533  535.897  
355.426  81.5162  535.887  
355.45  81.0787  535.877  
355.474  80.6407  535.867  
355.498  80.2022  535.857  
355.522  79.7633  535.847  
355.546  79.3239  535.837  
355.57  78.8841  535.827  
355.594  78.4438  535.817  
355.618  78.0031  535.807  
355.642  77.562  535.797  
355.666  77.1203  535.787  
355.69  76.6783  535.777  
355.714  76.2358  535.767  
355.738  75.7928  535.757  
355.762  75.3494  535.747  
355.787  74.9055  535.737  
355.811  74.4612  535.727  
355.835  74.0164  535.717  
355.859  73.5712  535.707  
355.884  73.1255  535.697  
355.908  72.6794  535.687  
355.932  72.2328  535.677  
355.957  71.7862  535.667  
355.981  71.3401  535.657  
356.005  70.8944  535.647  
356.029  70.4492  535.636  
356.054  70.0044  535.626  
356.078  69.5601  535.616  
356.102  69.1162  535.606  
356.126  68.6728  535.596  
356.15  68.2298  535.586  
356.174  67.7873  535.576  
356.199  67.3453  535.566  
356.223  66.9036  535.556  
356.247  66.4625  535.546  
356.271  66.0218  535.536  
356.295  65.5815  535.526  
356.319  65.1417  535.516  
356.343  64.7023  535.506  
356.367  64.2634  535.497  
356.39  63.825  535.487  
356.414  63.3869  535.477  
356.438  62.9494  535.467  
356.462  62.5123  535.457  
356.486  62.0756  535.447  
356.51  61.6394  535.437  
356.533  61.2037  535.427  
356.557  60.7684  535.417  
356.581  60.3335  535.408  
356.604  59.8991  535.398  
356.628  59.4651  535.388  
356.652  59.0316  535.378  
356.675  58.5986  535.368  
356.699  58.166  535.359  
356.722  57.7338  535.349  
356.746  57.3021  535.339  
356.769  56.8709  535.329  
356.793  56.4401  535.32  
356.816  56.0098  535.31  
356.84  55.5799  535.3  
356.863  55.1504  535.29  
356.887  54.7214  535.281  
356.91  54.2929  535.271  
356.933  53.8648  535.261  
356.957  53.4372  535.252  
356.98  53.01  535.242  
357.003  52.5832  535.232  
357.026  52.1569  535.223  
357.05  51.7311  535.213  
357.073  51.3057  535.203  
357.096  50.8808  535.194  
357.119  50.4563  535.184  
357.142  50.0323  535.175  
357.165  49.6087  535.165  
357.188  49.1855  535.155  
357.211  48.7629  535.146  
357.234  48.3406  535.136  
357.257  47.9189  535.127  
357.28  47.4975  535.117  
357.303  47.0767  535.108  
357.326  46.6562  535.098  
357.349  46.2363  535.089  
357.372  45.8167  535.079  
357.395  45.3977  535.07  
357.418  44.979  535.06  
357.44  44.5609  535.051  
357.463  44.1431  535.041  
357.486  43.7259  535.032  
357.509  43.309  535.023  
357.531  42.8927  535.013  
357.554  42.4768  535.004  
357.577  42.0613  534.994  
357.599  41.6463  534.985  
357.622  41.2317  534.976  
357.644  40.8176  534.966  
357.667  40.4039  534.957  
357.689  39.9907  534.947  
357.712  39.578  534.938  
357.734  39.1657  534.929  
357.757  38.7538  534.919  
357.779  38.3424  534.91  
357.802  37.9314  534.901  
357.824  37.5209  534.892  
357.846  37.1109  534.882  
357.869  36.7013  534.873  
357.891  36.2921  534.864  
357.913  35.8834  534.855  
357.936  35.4751  534.845  
357.958  35.0673  534.836  
357.98  34.66  534.827  
358.002  34.2531  534.818  
358.024  33.8466  534.808  
358.046  33.4406  534.799  
358.069  33.0351  534.79  
358.091  32.63  534.781  
358.113  32.2253  534.772  
358.135  31.8212  534.763  
358.157  31.4174  534.754  
358.179  31.0141  534.744  
358.201  30.6113  534.735  
358.223  30.2089  534.726  
358.244  29.8069  534.717  
358.266  29.4054  534.708  
358.288  29.0044  534.699  
358.31  28.6038  534.69  
358.332  28.2037  534.681  
358.354  27.804  534.672  
358.375  27.4048  534.663  
358.397  27.006  534.654  
358.419  26.6076  534.645  
358.441  26.2098  534.636  
358.462  25.8123  534.627  
358.484  25.4153  534.618  
358.505  25.0188  534.609  
358.527  24.6227  534.6  
358.549  24.2271  534.591  
358.57  23.8319  534.582  
358.592  23.4372  534.573  
358.613  23.0429  534.564  
358.635  22.6491  534.555  
358.656  22.2557  534.546  
358.677  21.8628  534.537  
358.699  21.4703  534.529  
358.72  21.0783  534.52  
358.742  20.6867  534.511  
358.763  20.2956  534.502  
358.784  19.9049  534.493  
358.805  19.5147  534.484  
358.827  19.125  534.475  
358.848  18.7356  534.467  
358.869  18.3468  534.458  
358.89  17.9584  534.449  
358.911  17.5704  534.44  
358.933  17.1829  534.432  
358.954  16.7958  534.423  
358.975  16.4092  534.414  
358.996  16.023  534.405  
359.017  15.6373  534.397  
359.038  15.2521  534.388  
359.059  14.8673  534.379  
359.08  14.4829  534.37  
359.101  14.099  534.362  
359.121  13.7155  534.353  
359.142  13.3325  534.344  
359.163  12.95  534.336  
359.184  12.5679  534.327  
359.205  12.1862  534.318  
359.226  11.805  534.31  
359.246  11.4243  534.301  
359.267  11.044  534.293  
359.288  10.6641  534.284  
359.308  10.2847  534.275  
359.329  9.90578  534.267  
359.35  9.52729  534.258  
359.37  9.14924  534.25  
359.391  8.77165  534.241  
359.411  8.3945  534.233  
359.432  8.01781  534.224  
359.453  7.64157  534.216  
359.473  7.26578  534.207  
359.493  6.89043  534.199  
359.514  6.51555  534.19  
359.534  6.14111  534.182  
359.555  5.76712  534.173  
359.575  5.39358  534.165  
359.595  5.0205  534.156  
359.616  4.64786  534.148  
359.636  4.27568  534.14  
359.656  3.90394  534.131  
359.676  3.53266  534.123  
359.697  3.16183  534.114  
359.717  2.79145  534.106  
359.737  2.42152  534.098  
359.757  2.05204  534.089  
359.777  1.68301  534.081  
359.797  1.31443  534.073  
359.817  0.946305  534.064  
359.837  0.578629  534.056  
359.857  0.211405  534.048  
359.877  -0.15537  534.039  
359.897  -0.521693  534.031  
359.917  -0.887565  534.023  
359.937  -1.25299  534.014  
359.957  -1.61796  534.006  
359.977  -1.98248  533.998  
359.997  -2.34655  533.99  
360.017  -2.71016  533.982  
360.037  -3.07333  533.973  
360.056  -3.43605  533.965  
360.076  -3.79831  533.957  
360.096  -4.16013  533.949  
360.115  -4.52149  533.941  
360.135  -4.8824  533.932  
360.155  -5.24287  533.924  
360.174  -5.60288  533.916  
360.194  -5.96244  533.908  
360.214  -6.32155  533.9  
360.233  -6.68021  533.892  
360.253  -7.03841  533.884  
360.272  -7.39617  533.876  
360.292  -7.75348  533.867  
360.311  -8.11033  533.859  
360.33  -8.46674  533.851  
360.35  -8.82269  533.843  
360.369  -9.17819  533.835  
360.389  -9.53324  533.827  
360.408  -9.88784  533.819  
360.427  -10.242  533.811  
360.446  -10.5957  533.803  
360.466  -10.9489  533.795  
360.485  -11.3017  533.787  
360.504  -11.6541  533.779  
360.523  -12.006  533.771  
360.543  -12.3574  533.763  
360.562  -12.7084  533.755  
360.581  -13.059  533.747  
360.6  -13.4091  533.739  
360.619  -13.7587  533.732  
360.638  -14.1079  533.724  
360.657  -14.4566  533.716  
360.676  -14.8049  533.708  
360.695  -15.1528  533.7  
360.714  -15.5001  533.692  
360.733  -15.8471  533.684  
360.752  -16.1936  533.676  
360.77  -16.5396  533.669  
360.789  -16.8852  533.661  
360.808  -17.2303  533.653  
360.827  -17.575  533.645  
360.846  -17.9192  533.637  
360.864  -18.263  533.63  
360.883  -18.6063  533.622  
360.902  -18.9492  533.614  
360.92  -19.2916  533.606  
360.939  -19.6336  533.599  
360.958  -19.9751  533.591  
360.976  -20.3162  533.583  
360.995  -20.6568  533.576  
361.013  -20.997  533.568  
361.032  -21.3367  533.56  
361.05  -21.676  533.552  
361.069  -22.0148  533.545  
361.087  -22.3532  533.537  
361.106  -22.6911  533.53  
361.124  -23.0286  533.522  
361.142  -23.3656  533.514  
361.161  -23.7022  533.507  
361.179  -24.0383  533.499  
361.197  -24.374  533.491  
361.216  -24.7092  533.484  
361.234  -25.0439  533.476  
361.252  -25.3782  533.469  
361.27  -25.7121  533.461  
361.289  -26.0455  533.454  
361.307  -26.3785  533.446  
361.325  -26.711  533.439  
361.343  -27.043  533.431  
361.361  -27.3746  533.424  
361.379  -27.7058  533.416  
361.397  -28.0365  533.409  
361.415  -28.3668  533.401  
361.433  -28.6966  533.394  
361.451  -29.0259  533.386  
361.469  -29.3548  533.379  
361.487  -29.6833  533.371  
361.505  -30.0113  533.364  
361.523  -30.3388  533.357  
361.54  -30.6659  533.349  
361.558  -30.9926  533.342  
361.576  -31.3188  533.334  
361.594  -31.6445  533.327  
361.611  -31.9698  533.32  
361.629  -32.2947  533.312  
361.647  -32.619  533.305  
361.664  -32.943  533.298  
361.682  -33.2665  533.29  
361.7  -33.5895  533.283  
361.717  -33.9121  533.276  
361.735  -34.2342  533.268  
361.752  -34.5559  533.261  
361.77  -34.8772  533.254  
361.787  -35.198  533.247  
361.805  -35.5183  533.239  
361.822  -35.8382  533.232  
361.84  -36.1576  533.225  
361.857  -36.4766  533.218  
361.874  -36.7951  533.21  
361.892  -37.1132  533.203  
361.909  -37.4308  533.196  
361.926  -37.748  533.189  
361.944  -38.0648  533.182  
361.961  -38.381  533.175  
361.978  -38.6969  533.167  
361.995  -39.0122  533.16  
362.012  -39.3272  533.153  
362.03  -39.6416  533.146  
362.047  -39.9557  533.139  
362.064  -40.2692  533.132  
362.081  -40.5823  533.125  
362.098  -40.895  533.118  
362.115  -41.2072  533.111  
362.132  -41.519  533.104  
362.149  -41.8303  533.097  
362.166  -42.1412  533.09  
362.183  -42.4516  533.082  
362.2  -42.7616  533.075  
362.216  -43.0711  533.068  
362.233  -43.3802  533.061  
362.25  -43.6888  533.055  
362.267  -43.9969  533.048  
362.284  -44.3046  533.041  
362.3  -44.6119  533.034  
362.317  -44.9187  533.027  
362.334  -45.2251  533.02  
362.351  -45.531  533.013  
362.367  -45.8364  533.006  
362.384  -46.1414  532.999  
362.4  -46.446  532.992  
362.417  -46.7501  532.985  
362.434  -47.0538  532.978  
362.45  -47.357  532.972  
362.467  -47.6597  532.965  
362.483  -47.962  532.958  
362.499  -48.2639  532.951  
362.516  -48.5653  532.944  
362.532  -48.8662  532.937  
362.549  -49.1667  532.931  
362.565  -49.4668  532.924  
362.581  -49.7664  532.917  
362.598  -50.0655  532.91  
362.614  -50.3642  532.904  
362.63  -50.6624  532.897  
362.646  -50.9602  532.89  
362.663  -51.2576  532.883  
362.679  -51.5545  532.877  
362.695  -51.8509  532.87  
362.711  -52.1469  532.863  
362.727  -52.4424  532.856  
362.743  -52.7375  532.85  
362.759  -53.0322  532.843  
362.775  -53.3263  532.836  
362.791  -53.6201  532.83  
362.807  -53.9134  532.823  
362.823  -54.2062  532.817  
362.839  -54.4986  532.81  
362.855  -54.7905  532.803  
362.871  -55.082  532.797  
362.887  -55.373  532.79  
362.903  -55.6636  532.784  
362.919  -55.9537  532.777  
362.934  -56.2434  532.771  
362.95  -56.5326  532.764  
362.966  -56.8214  532.757  
362.982  -57.1097  532.751  
362.997  -57.3976  532.744  
363.013  -57.685  532.738  
363.029  -57.972  532.731  
363.044  -58.2585  532.725  
363.06  -58.5446  532.718  
363.075  -58.8302  532.712  
363.091  -59.1154  532.706  
363.106  -59.4001  532.699  
363.122  -59.6844  532.693  
363.137  -59.9682  532.686  
363.153  -60.2515  532.68  
363.168  -60.5345  532.673  
363.184  -60.8169  532.667  
363.199  -61.0989  532.661  
363.214  -61.3805  532.654  
363.23  -61.6616  532.648  
363.245  -61.9423  532.642  
363.26  -62.2225  532.635  
363.276  -62.5022  532.629  
363.291  -62.7815  532.623  
363.306  -63.0604  532.616  
363.321  -63.3388  532.61  
363.336  -63.6168  532.604  
363.351  -63.8943  532.597  
363.366  -64.1713  532.591  
363.382  -64.4479  532.585  
363.397  -64.7241  532.579  
363.412  -64.9998  532.572  
363.427  -65.275  532.566  
363.442  -65.5498  532.56  
363.457  -65.8242  532.554  
363.471  -66.0981  532.548  
363.486  -66.3715  532.541  
363.501  -66.6445  532.535  
363.516  -66.917  532.529  
363.531  -67.1891  532.523  
363.546  -67.4608  532.517  
363.561  -67.732  532.511  
363.575  -68.0027  532.504  
363.59  -68.273  532.498  
363.605  -68.5428  532.492  
363.619  -68.8122  532.486  
363.634  -69.0812  532.48  
363.649  -69.3497  532.474  
363.663  -69.6177  532.468  
363.678  -69.8853  532.462  
363.692  -70.1524  532.456  
363.707  -70.4191  532.45  
363.721  -70.6853  532.444  
363.736  -70.9511  532.438  
363.75  -71.2164  532.432  
363.765  -71.4813  532.426  
363.779  -71.7457  532.42  
363.794  -72.0097  532.414  
363.808  -72.2733  532.408  
363.822  -72.5363  532.402  
363.837  -72.799  532.396  
363.851  -73.0611  532.39  
363.865  -73.3229  532.384  
363.879  -73.5841  532.378  
363.894  -73.8449  532.372  
363.908  -74.1053  532.366  
363.922  -74.3652  532.361  
363.936  -74.6247  532.355  
363.95  -74.8837  532.349  
363.964  -75.1423  532.343  
363.978  -75.4004  532.337  
363.993  -75.6581  532.331  
364.007  -75.9153  532.326  
364.021  -76.1721  532.32  
364.035  -76.4284  532.314  
364.048  -76.6842  532.308  
364.062  -76.9396  532.302  
364.076  -77.1946  532.297  
364.09  -77.4491  532.291  
364.104  -77.7032  532.285  
364.118  -77.9568  532.279  
364.132  -78.2099  532.274  
364.145  -78.4626  532.268  
364.159  -78.7149  532.262  
364.173  -78.9667  532.256  
364.187  -79.2181  532.251  
364.2  -79.469  532.245  
364.214  -79.7194  532.239  
364.227  -79.9694  532.234  
364.241  -80.219  532.228  
364.255  -80.4681  532.223  
364.268  -80.7167  532.217  
364.282  -80.9649  532.211  
364.295  -81.2127  532.206  
364.309  -81.46  532.2  
364.322  -81.7068  532.194  
364.336  -81.9532  532.189  
364.349  -82.1991  532.183  
364.362  -82.4446  532.178  
364.376  -82.6897  532.172  
364.389  -82.9343  532.167  
364.402  -83.1784  532.161  
364.416  -83.4221  532.156  
364.429  -83.6653  532.15  
364.442  -83.9081  532.145  
364.455  -84.1505  532.139  
364.469  -84.3924  532.134  
364.482  -84.6338  532.128  
364.495  -84.8748  532.123  
364.508  -85.1153  532.117  
364.521  -85.3554  532.112  
364.534  -85.595  532.107  
364.547  -85.8342  532.101  
364.56  -86.0729  532.096  
364.573  -86.3112  532.09  
364.586  -86.549  532.085  
364.599  -86.7864  532.08  
364.612  -87.0233  532.074  
364.625  -87.2598  532.069  
364.638  -87.4958  532.064  
364.651  -87.7314  532.058  
364.663  -87.9665  532.053  
364.676  -88.2012  532.048  
364.689  -88.4354  532.042  
364.702  -88.6692  532.037  
364.714  -88.9025  532.032  
364.727  -89.1354  532.026  
364.74  -89.3678  532.021  
364.752  -89.5998  532.016  
364.765  -89.8313  532.011  
364.778  -90.0624  532.005  
364.79  -90.293  532  
364.803  -90.5231  531.995  
364.815  -90.7528  531.99  
364.828  -90.9821  531.985  
364.84  -91.2109  531.979  
364.853  -91.4393  531.974  
364.865  -91.6672  531.969  
364.877  -91.8947  531.964  
364.89  -92.1217  531.959  
364.902  -92.3482  531.954  
364.914  -92.5743  531.949  
364.927  -92.8  531.944  
364.939  -93.0252  531.938  
364.951  -93.2499  531.933  
364.964  -93.4742  531.928  
364.976  -93.6981  531.923  
364.988  -93.9215  531.918  
365  -94.1444  531.913  
365.012  -94.3669  531.908  
365.024  -94.589  531.903  
365.036  -94.8106  531.898  
365.048  -95.0317  531.893  
365.06  -95.2524  531.888  
365.072  -95.4727  531.883  
365.084  -95.6925  531.878  
365.096  -95.9118  531.873  
365.108  -96.1307  531.868  
365.12  -96.3491  531.863  
365.132  -96.5671  531.858  
365.144  -96.7847  531.853  
365.156  -97.0018  531.848  
365.168  -97.2184  531.844  
365.179  -97.4346  531.839  
365.191  -97.6503  531.834  
365.203  -97.8656  531.829  
365.215  -98.0804  531.824  
365.226  -98.2948  531.819  
365.238  -98.5088  531.814  
365.25  -98.7222  531.81  
365.261  -98.9353  531.805  
365.273  -99.1479  531.8  
365.284  -99.36  531.795  
365.296  -99.5717  531.79  
365.307  -99.7829  531.786  
365.319  -99.9937  531.781  
365.33  -100.204  531.776  
365.342  -100.414  531.771  
365.353  -100.623  531.767  
365.365  -100.832  531.762  
365.376  -101.041  531.757  
365.387  -101.249  531.752  
365.399  -101.456  531.748  
365.41  -101.664  531.743  
365.421  -101.87  531.738  
365.432  -102.077  531.734  
365.444  -102.282  531.729  
365.455  -102.488  531.724  
365.466  -102.693  531.72  
365.477  -102.897  531.715  
365.488  -103.101  531.711  
365.499  -103.305  531.706  
365.51  -103.508  531.701  
365.521  -103.711  531.697  
365.532  -103.913  531.692  
365.543  -104.115  531.688  
365.554  -104.316  531.683  
365.565  -104.517  531.678  
365.576  -104.717  531.674  
365.587  -104.917  531.669  
365.598  -105.117  531.665  
365.609  -105.316  531.66  
365.62  -105.514  531.656  
365.631  -105.712  531.651  
365.641  -105.91  531.647  
365.652  -106.107  531.643  
365.663  -106.304  531.638  
365.673  -106.5  531.634  
365.684  -106.696  531.629  
365.695  -106.892  531.625  
365.705  -107.087  531.62  
365.716  -107.281  531.616  
365.727  -107.475  531.612  
365.737  -107.669  531.607  
365.748  -107.862  531.603  
365.758  -108.055  531.598  
365.769  -108.247  531.594  
365.779  -108.439  531.59  
365.79  -108.631  531.585  
365.8  -108.821  531.581  
365.81  -109.012  531.577  
365.821  -109.202  531.573  
365.831  -109.392  531.568  
365.841  -109.581  531.564  
365.852  -109.769  531.56  
365.862  -109.958  531.555  
365.872  -110.145  531.551  
365.882  -110.333  531.547  
365.893  -110.52  531.543  
365.903  -110.706  531.538  
365.913  -110.892  531.534  
365.923  -111.078  531.53  
365.933  -111.263  531.526  
365.943  -111.447  531.522  
365.953  -111.631  531.518  
365.963  -111.815  531.513  
365.973  -111.998  531.509  
365.983  -112.181  531.505  
365.993  -112.364  531.501  
366.003  -112.546  531.497  
366.013  -112.727  531.493  
366.023  -112.908  531.489  
366.033  -113.089  531.485  
366.042  -113.269  531.481  
366.052  -113.448  531.476  
366.062  -113.628  531.472  
366.072  -113.806  531.468  
366.081  -113.985  531.464  
366.091  -114.163  531.46  
366.101  -114.34  531.456  
366.11  -114.517  531.452  
366.12  -114.693  531.448  
366.13  -114.87  531.444  
366.139  -115.045  531.44  
366.149  -115.22  531.436  
366.158  -115.395  531.432  
366.168  -115.569  531.428  
366.177  -115.743  531.425  
366.187  -115.916  531.421  
366.196  -116.089  531.417  
366.205  -116.262  531.413  
366.215  -116.434  531.409  
366.224  -116.605  531.405  
366.234  -116.776  531.401  
366.243  -116.947  531.397  
366.252  -117.117  531.393  
366.261  -117.287  531.39  
366.271  -117.456  531.386  
366.28  -117.625  531.382  
366.289  -117.794  531.378  
366.298  -117.962  531.374  
366.307  -118.129  531.371  
366.316  -118.296  531.367  
366.325  -118.463  531.363  
366.335  -118.629  531.359  
366.344  -118.794  531.356  
366.353  -118.96  531.352  
366.362  -119.125  531.348  
366.37  -119.289  531.344  
366.379  -119.453  531.341  
366.388  -119.616  531.337  
366.397  -119.779  531.333  
366.406  -119.942  531.33  
366.415  -120.104  531.326  
366.424  -120.265  531.322  
366.432  -120.427  531.319  
366.441  -120.587  531.315  
366.45  -120.748  531.311  
366.459  -120.907  531.308  
366.467  -121.067  531.304  
366.476  -121.226  531.301  
366.485  -121.384  531.297  
366.493  -121.542  531.293  
366.502  -121.7  531.29  
366.51  -121.857  531.286  
366.519  -122.014  531.283  
366.527  -122.17  531.279  
366.536  -122.326  531.276  
366.544  -122.481  531.272  
366.553  -122.636  531.269  
366.561  -122.79  531.265  
366.57  -122.944  531.262  
366.578  -123.098  531.258  
366.586  -123.251  531.255  
366.595  -123.403  531.251  
366.603  -123.556  531.248  
366.611  -123.707  531.244  
366.62  -123.859  531.241  
366.628  -124.009  531.238  
366.636  -124.16  531.234  
366.644  -124.31  531.231  
366.652  -124.459  531.227  
366.66  -124.608  531.224  
366.668  -124.757  531.221  
366.677  -124.905  531.217  
366.685  -125.052  531.214  
366.693  -125.2  531.211  
366.701  -125.346  531.207  
366.709  -125.493  531.204  
366.717  -125.639  531.201  
366.724  -125.784  531.197  
366.732  -125.929  531.194  
366.74  -126.073  531.191  
366.748  -126.217  531.188  
366.756  -126.361  531.184  
366.764  -126.504  531.181  
366.772  -126.647  531.178  
366.779  -126.789  531.175  
366.787  -126.931  531.171  
366.795  -127.072  531.168  
366.802  -127.213  531.165  
366.81  -127.354  531.162  
366.818  -127.494  531.159  
366.825  -127.633  531.156  
366.833  -127.772  531.152  
366.84  -127.911  531.149  
366.848  -128.049  531.146  
366.855  -128.187  531.143  
366.863  -128.324  531.14  
366.87  -128.461  531.137  
366.878  -128.597  531.134  
366.885  -128.733  531.131  
366.893  -128.869  531.128  
366.9  -129.004  531.125  
366.907  -129.138  531.122  
366.915  -129.272  531.118  
366.922  -129.406  531.115  
366.929  -129.539  531.112  
366.936  -129.672  531.109  
366.944  -129.804  531.106  
366.951  -129.936  531.103  
366.958  -130.068  531.1  
366.965  -130.199  531.098  
366.972  -130.329  531.095  
366.979  -130.459  531.092  
366.986  -130.589  531.089  
366.993  -130.718  531.086  
367  -130.847  531.083  
367.007  -130.975  531.08  
367.014  -131.103  531.077  
367.021  -131.23  531.074  
367.028  -131.357  531.071  
367.035  -131.484  531.068  
367.042  -131.61  531.066  
367.049  -131.735  531.063  
367.056  -131.86  531.06  
367.062  -131.985  531.057  
367.069  -132.109  531.054  
367.076  -132.233  531.052  
367.083  -132.356  531.049  
367.089  -132.479  531.046  
367.096  -132.602  531.043  
367.103  -132.724  531.04  
367.109  -132.845  531.038  
367.116  -132.966  531.035  
367.122  -133.087  531.032  
367.129  -133.207  531.029  
367.136  -133.327  531.027  
367.142  -133.446  531.024  
367.149  -133.565  531.021  
367.155  -133.683  531.019  
367.161  -133.801  531.016  
367.168  -133.918  531.013  
367.174  -134.035  531.011  
367.181  -134.152  531.008  
367.187  -134.268  531.005  
367.193  -134.384  531.003  
367.199  -134.499  531  
367.206  -134.614  530.998  
367.212  -134.728  530.995  
367.218  -134.842  530.993  
367.224  -134.955  530.99  
367.23  -135.068  530.987  
367.237  -135.181  530.985  
367.243  -135.293  530.982  
367.249  -135.404  530.98  
367.255  -135.515  530.977  
367.261  -135.626  530.975  
367.267  -135.736  530.972  
367.273  -135.846  530.97  
367.279  -135.955  530.967  
367.285  -136.064  530.965  
367.291  -136.173  530.962  
367.297  -136.281  530.96  
367.302  -136.388  530.958  
367.308  -136.495  530.955  
367.314  -136.602  530.953  
367.32  -136.708  530.95  
367.326  -136.814  530.948  
367.331  -136.919  530.946  
367.337  -137.024  530.943  
367.343  -137.128  530.941  
367.348  -137.232  530.938  
367.354  -137.336  530.936  
367.36  -137.439  530.934  
367.365  -137.541  530.931  
367.371  -137.643  530.929  
367.376  -137.745  530.927  
367.382  -137.846  530.925  
367.387  -137.947  530.922  
367.393  -138.047  530.92  
367.398  -138.147  530.918  
367.404  -138.247  530.915  
367.409  -138.346  530.913  
367.414  -138.444  530.911  
367.42  -138.542  530.909  
367.425  -138.64  530.907  
367.43  -138.737  530.904  
367.436  -138.834  530.902  
367.441  -138.93  530.9  
367.446  -139.026  530.898  
367.451  -139.121  530.896  
367.457  -139.216  530.894  
367.462  -139.31  530.891  
367.467  -139.404  530.889  
367.472  -139.498  530.887  
367.477  -139.591  530.885  
367.482  -139.684  530.883  
367.487  -139.776  530.881  
367.492  -139.868  530.879  
367.497  -139.959  530.877  
367.502  -140.05  530.875  
367.507  -140.14  530.873  
367.512  -140.23  530.871  
367.517  -140.32  530.869  
367.522  -140.409  530.867  
367.526  -140.497  530.865  
367.531  -140.585  530.863  
367.536  -140.673  530.861  
367.541  -140.76  530.859  
367.545  -140.847  530.857  
367.55  -140.933  530.855  
367.555  -141.019  530.853  
367.559  -141.105  530.851  
367.564  -141.19  530.849  
367.569  -141.274  530.847  
367.573  -141.358  530.845  
367.578  -141.442  530.843  
367.582  -141.525  530.841  
367.587  -141.608  530.839  
367.591  -141.69  530.838  
367.596  -141.772  530.836  
367.6  -141.853  530.834  
367.605  -141.934  530.832  
367.609  -142.015  530.83  
367.613  -142.095  530.828  
367.618  -142.174  530.827  
367.622  -142.254  530.825  
367.626  -142.332  530.823  
367.631  -142.411  530.821  
367.635  -142.488  530.82  
367.639  -142.566  530.818  
367.643  -142.642  530.816  
367.647  -142.719  530.814  
367.652  -142.795  530.813  
367.656  -142.87  530.811  
367.66  -142.945  530.809  
367.664  -143.02  530.807  
367.668  -143.094  530.806  
367.672  -143.168  530.804  
367.676  -143.241  530.802  
367.68  -143.314  530.801  
367.684  -143.386  530.799  
367.688  -143.458  530.798  
367.692  -143.53  530.796  
367.696  -143.601  530.794  
367.699  -143.671  530.793  
367.703  -143.741  530.791  
367.707  -143.811  530.79  
367.711  -143.88  530.788  
367.715  -143.949  530.786  
367.718  -144.017  530.785  
367.722  -144.085  530.783  
367.726  -144.153  530.782  
367.729  -144.22  530.78  
367.733  -144.286  530.779  
367.736  -144.352  530.777  
367.74  -144.418  530.776  
367.744  -144.483  530.774  
367.747  -144.548  530.773  
367.751  -144.612  530.771  
367.754  -144.676  530.77  
367.758  -144.739  530.769  
367.761  -144.802  530.767  
367.764  -144.864  530.766  
367.768  -144.926  530.764  
367.771  -144.988  530.763  
367.774  -145.049  530.762  
367.778  -145.11  530.76  
367.781  -145.17  530.759  
367.784  -145.23  530.758  
367.788  -145.289  530.756  
367.791  -145.348  530.755  
367.794  -145.406  530.754  
367.797  -145.464  530.752  
367.8  -145.521  530.751  
367.803  -145.578  530.75  
367.806  -145.635  530.748  
367.809  -145.691  530.747  
367.812  -145.747  530.746  
367.816  -145.802  530.745  
367.818  -145.857  530.743  
367.821  -145.911  530.742  
367.824  -145.965  530.741  
367.827  -146.019  530.74  
367.83  -146.071  530.738  
367.833  -146.124  530.737  
367.836  -146.176  530.736  
367.839  -146.228  530.735  
367.841  -146.279  530.734  
367.844  -146.33  530.733  
367.847  -146.38  530.731  
367.85  -146.43  530.73  
367.852  -146.479  530.729  
367.855  -146.528  530.728  
367.858  -146.576  530.727  
367.86  -146.624  530.726  
367.863  -146.672  530.725  
367.865  -146.719  530.724  
367.868  -146.766  530.723  
367.871  -146.812  530.722  
367.873  -146.858  530.721  
367.876  -146.903  530.72  
367.878  -146.948  530.719  
367.88  -146.992  530.718  
367.883  -147.036  530.717  
367.885  -147.08  530.716  
367.887  -147.123  530.715  
367.89  -147.165  530.714  
367.892  -147.208  530.713  
367.894  -147.249  530.712  
367.897  -147.291  530.711  
367.899  -147.331  530.71  
367.901  -147.372  530.709  
367.903  -147.412  530.708  
367.905  -147.451  530.707  
367.908  -147.49  530.706  
367.91  -147.529  530.706  
367.912  -147.567  530.705  
367.914  -147.604  530.704  
367.916  -147.642  530.703  
367.918  -147.678  530.702  
367.92  -147.715  530.701  
367.922  -147.75  530.7  
367.924  -147.786  530.7  
367.926  -147.821  530.699  
367.927  -147.855  530.698  
367.929  -147.889  530.697  
367.931  -147.923  530.697  
367.933  -147.956  530.696  
367.935  -147.989  530.695  
367.936  -148.021  530.694  
367.938  -148.053  530.694  
367.94  -148.084  530.693  
367.942  -148.115  530.692  
367.943  -148.145  530.692  
367.945  -148.175  530.691  
367.946  -148.205  530.69  
367.948  -148.234  530.69  
367.95  -148.263  530.689  
367.951  -148.291  530.688  
367.953  -148.319  530.688  
367.954  -148.346  530.687  
367.956  -148.373  530.686  
367.957  -148.399  530.686  
367.958  -148.425  530.685  
